# U/t eqp0..eqp5
1.000000000000000056e-01 -9.998437460064826254e-01 -1.401671365163815151e-03 -9.031677310429150809e-04 9.031020941080445188e-04 1.380611186581743449e-03 9.998437459842055564e-01
2.000000000000000111e-01 -9.993749976241598221e-01 -7.148470901463773938e-03 -1.181311685575548581e-03 1.184792784342666603e-03 7.097877005250698146e-03 9.993749961085807154e-01
2.999999999999999889e-01 -9.985937460906474383e-01 -5.216527394111098673e-04 -3.151598614794943716e-04 3.164416890569818710e-04 5.148034022595886867e-04 9.985937463372964729e-01
4.000000000000000222e-01 -9.975000126183466431e-01 -7.338399466625663246e-03 -9.580249235171872310e-04 9.481040695968911448e-04 7.318864312627920525e-03 9.974999960245009012e-01
5.000000000000000000e-01 -9.960937465267272195e-01 -1.819301668702991148e-03 -2.374814321328113037e-04 2.285902798140997930e-04 1.820291721671697584e-03 9.960937457225327307e-01
5.999999999999999778e-01 -9.943749992052240971e-01 -5.538503913956395767e-04 -3.347287675546007269e-04 3.287776637142218608e-04 5.529235604776202391e-04 9.943749967172701432e-01
6.999999999999999556e-01 -9.923437486159701892e-01 -1.004280024778331612e-06 -5.695644448609292638e-07 1.612713712229531329e-06 2.072405572621514810e-06 9.923437470962641616e-01
8.000000000000000444e-01 -9.900000541691591494e-01 -2.056633785700357313e-05 4.560842640309207270e-07 2.287915085318649269e-06 4.050804292625197706e-06 9.900000037023705124e-01
9.000000000000000222e-01 -3.011809397468986571e+00 -2.986731741920757965e+00 -9.749076593407864921e-01 9.749076582639264466e-01 2.986731473917535684e+00 3.011809129096719495e+00
1.000000000000000000e+00 -3.017571053295865724e+00 -2.986684570360809587e+00 -9.690991830916352301e-01 9.690991815734496528e-01 2.986684260614174580e+00 3.017570744262333626e+00
1.100000000000000089e+00 -3.022996848891414956e+00 -2.985718941268870719e+00 -9.627069240809323913e-01 9.627069122499650744e-01 2.985716920372662120e+00 3.022994833424342609e+00
1.199999999999999956e+00 -3.028385401618900019e+00 -2.984141935051942252e+00 -9.557393672108750460e-01 9.557393623675316530e-01 2.984141228275606572e+00 3.028384697003914550e+00
1.300000000000000044e+00 -3.033893872155209781e+00 -2.982119686289323113e+00 -9.482054472831304981e-01 9.482054418250472905e-01 2.982118997362927626e+00 3.033893185617610122e+00
1.399999999999999911e+00 -3.039602605435297367e+00 -2.979741962734451910e+00 -9.401144824263293343e-01 9.401144836525417992e-01 2.979742095548583158e+00 3.039602737685173306e+00
1.500000000000000000e+00 -3.045553978374605730e+00 -2.977060973213573991e+00 -9.314761665689145209e-01 9.314761655902817905e-01 2.977060877343263190e+00 3.045553882912606092e+00
1.600000000000000089e+00 -3.051767775701115237e+00 -2.974106696884433632e+00 -9.223005143922066162e-01 9.223005158684968174e-01 2.974106826855939634e+00 3.051767905078184739e+00
1.699999999999999956e+00 -3.058251615866984352e+00 -2.970897256444199552e+00 -9.125978250651426427e-01 9.125978289299914170e-01 2.970897564221489429e+00 3.058251922140328816e+00
1.800000000000000044e+00 -3.065005607041973779e+00 -2.967443526374163643e+00 -9.023786327441815081e-01 9.023786320332924937e-01 2.967443474908616707e+00 3.065005555841848306e+00
1.899999999999999911e+00 -3.072024504898879016e+00 -2.963751238332709370e+00 -8.916536488992395926e-01 8.916536469227642758e-01 2.963751106920182288e+00 3.072024374190363005e+00
2.000000000000000000e+00 -3.079300661750047130e+00 -2.959823886739636478e+00 -8.804337305944769376e-01 8.804337194109628228e-01 2.959823199771078883e+00 3.079299978579865815e+00
2.100000000000000089e+00 -3.086823645415412987e+00 -2.955662298667468324e+00 -8.687298156180377484e-01 8.687297978548714772e-01 2.955661284674456990e+00 3.086822637141500625e+00
2.200000000000000178e+00 -3.094581363407222785e+00 -2.951265712101847516e+00 -8.565528817905194714e-01 8.565528826104596982e-01 2.951265755757672693e+00 3.094581406813202040e+00
2.299999999999999822e+00 -3.102563003435494071e+00 -2.946634697179471019e+00 -8.439139567771812844e-01 8.439139378045931172e-01 2.946633746393535702e+00 3.102562057976639753e+00
2.399999999999999911e+00 -3.110753268553534845e+00 -2.941765318473394952e+00 -8.308239651062191422e-01 8.308239670386092790e-01 2.941765409862272751e+00 3.110753359444316857e+00
2.500000000000000000e+00 -3.119139878589154424e+00 -2.936656643566495362e+00 -8.172938340866984230e-01 8.172938361865952350e-01 2.936656737776921045e+00 3.119139972311096187e+00
2.600000000000000089e+00 -3.127707983190643581e+00 -2.931305096875717275e+00 -8.033343494350445591e-01 8.033343576586835511e-01 2.931305447808327802e+00 3.127708332423372095e+00
2.700000000000000178e+00 -3.136443421502101092e+00 -2.925707709791585120e+00 -7.889561920914806015e-01 7.889561953575472408e-01 2.925707843160606281e+00 3.136443554282635660e+00
2.799999999999999822e+00 -3.145331142447795436e+00 -2.919860510061494274e+00 -7.741698761149302666e-01 7.741698768366198635e-01 2.919860538331532585e+00 3.145331170611088467e+00
2.899999999999999911e+00 -3.154356252852756448e+00 -2.913759555459920492e+00 -7.589857499811983876e-01 7.589857470798432315e-01 2.913759445920415470e+00 3.154356143661721568e+00
3.000000000000000000e+00 -3.163503615063210983e+00 -2.907400516748619879e+00 -7.434139681027507329e-01 7.434139640513280911e-01 2.907400369016761132e+00 3.163503467673780545e+00
3.100000000000000089e+00 -3.172757897793999415e+00 -2.900778707928691968e+00 -7.274644724168206622e-01 7.274644714220127595e-01 2.900778672745579101e+00 3.172757862659493888e+00
3.200000000000000178e+00 -3.182103892515431021e+00 -2.893889407048547913e+00 -7.111469920617522478e-01 7.111469935190157798e-01 2.893889456761804979e+00 3.182103942236695016e+00
3.299999999999999822e+00 -3.191526201037132360e+00 -2.886727519980366807e+00 -6.944710178223723052e-01 6.944710132675939729e-01 2.886727367013677714e+00 3.191526047917633946e+00
3.399999999999999911e+00 -3.201008878900110322e+00 -2.879287232912328687e+00 -6.774457867049444859e-01 6.774457891949066113e-01 2.879287314640656348e+00 3.201008960831279282e+00
3.500000000000000000e+00 -3.210536505838800458e+00 -2.871563091913553745e+00 -6.600803147897296164e-01 6.600803276009962195e-01 2.871563504410422851e+00 3.210536920036898501e+00
3.600000000000000089e+00 -3.220093145983731642e+00 -2.863548886516941394e+00 -6.423833178512743380e-01 6.423833296285406114e-01 2.863549255240608993e+00 3.220093517066548117e+00
3.700000000000000178e+00 -3.229663107132579203e+00 -2.855238564854441385e+00 -6.243633196987590228e-01 6.243633208648085020e-01 2.855238601675429866e+00 3.229663144228303917e+00
3.799999999999999822e+00 -3.239229830124175979e+00 -2.846624981102343632e+00 -6.060285287585684966e-01 6.060285296655798515e-01 2.846625008940790735e+00 3.239229858249936811e+00
3.899999999999999911e+00 -3.248777104118134140e+00 -2.837701189371849342e+00 -5.873869228986079438e-01 5.873869268206615146e-01 2.837701311014216632e+00 3.248777227222089614e+00
4.000000000000000000e+00 -3.258288541680512740e+00 -2.828459909511630066e+00 -5.684462227282279789e-01 5.684462220881225658e-01 2.828459889515873904e+00 3.258288521401400573e+00
4.099999999999999645e+00 -3.267747261223663102e+00 -2.818893246048976398e+00 -5.492138986299877068e-01 5.492138993498676403e-01 2.818893268332005153e+00 3.267747283890318322e+00
4.200000000000000178e+00 -3.277136177582889776e+00 -2.808992939623823570e+00 -5.296971528349343483e-01 5.296971534345349397e-01 2.808992957538276602e+00 3.277136195880616221e+00
4.299999999999999822e+00 -3.286437988967381596e+00 -2.798750426330208985e+00 -5.099029626871052212e-01 5.099029610060553663e-01 2.798750373340444852e+00 3.286437934755666479e+00
4.400000000000000355e+00 -3.295634896227757071e+00 -2.788156555322691688e+00 -4.898380635119988780e-01 4.898380644732277522e-01 2.788156584138159921e+00 3.295634925855681185e+00
4.500000000000000000e+00 -3.304708863809707520e+00 -2.777201849540557266e+00 -4.695089558122877982e-01 4.695089563608177974e-01 2.777201865955052362e+00 3.304708880749631650e+00
4.599999999999999645e+00 -3.313641239129530014e+00 -2.765876172080426798e+00 -4.489219134627649432e-01 4.489219139583386919e-01 2.765876186212415710e+00 3.313641253796042907e+00
4.700000000000000178e+00 -3.322412921931089613e+00 -2.754168908324795328e+00 -4.280829950006901918e-01 4.280829947683051362e-01 2.754168900727730129e+00 3.322412914041468213e+00
4.799999999999999822e+00 -3.331004199705970059e+00 -2.742068832317576810e+00 -4.069980495091845007e-01 4.069980484286464528e-01 2.742068793951464745e+00 3.331004159723093050e+00
4.900000000000000355e+00 -3.339394651032413730e+00 -2.729564039836066325e+00 -3.856727246301187018e-01 3.856727254969001817e-01 2.729564072320131096e+00 3.339394685029454024e+00
5.000000000000000000e+00 -3.347563280592508406e+00 -2.716642106830066794e+00 -3.641124813526008253e-01 3.641124809095042103e-01 2.716642089758047884e+00 3.347563262631401138e+00
5.099999999999999645e+00 -3.355488054237051099e+00 -2.703289678147509978e+00 -3.423225953900340124e-01 3.423225953694236656e-01 2.703289677255650947e+00 3.355488053294825246e+00
5.200000000000000178e+00 -3.363146149495375603e+00 -2.689492740662418946e+00 -3.203081754925182767e-01 3.203081754707886031e-01 2.689492739052193659e+00 3.363146147791253426e+00
5.299999999999999822e+00 -3.370513645158920379e+00 -2.675236368193938841e+00 -2.980741707628672410e-01 2.980741708866782025e-01 2.675236373232735332e+00 3.370513650553090379e+00
5.400000000000000355e+00 -3.377565471559886401e+00 -2.660504716282979132e+00 -2.756253834914821343e-01 2.756253836837870841e-01 2.660504729329064677e+00 3.377565485559866687e+00
5.500000000000000000e+00 -3.384275272121014755e+00 -2.645280939216849259e+00 -2.529664818126577952e-01 2.529664813728847994e-01 2.645280923374173643e+00 3.384275254913512221e+00
5.599999999999999645e+00 -3.390615187606600855e+00 -2.629547043908325499e+00 -2.301020144501258191e-01 2.301020143143039098e-01 2.629547025544900052e+00 3.390615167657916373e+00
5.700000000000000178e+00 -3.396555759692818199e+00 -2.613283850578864254e+00 -2.070364215539783892e-01 2.070364215305085798e-01 2.613283819795567453e+00 3.396555726046861956e+00
5.799999999999999822e+00 -3.402065687381330861e+00 -2.596470838803474290e+00 -1.837740543321037812e-01 1.837740545279032411e-01 2.596470807545942616e+00 3.402065653008293111e+00
5.900000000000000355e+00 -3.407111558294054099e+00 -2.579085974874849807e+00 -1.603191907309620967e-01 1.603191911778883427e-01 2.579085954655793156e+00 3.407111535921292678e+00
6.000000000000000000e+00 -3.411657694705238164e+00 -2.561105644926062741e+00 -1.366760551251005595e-01 1.366760529590041462e-01 2.561105703119974653e+00 3.411657759554839853e+00
6.099999999999999645e+00 -3.415665888821745710e+00 -2.542504513575351233e+00 -1.128488328965192578e-01 1.128488334821365208e-01 2.542504502787569454e+00 3.415665876704747639e+00
6.200000000000000178e+00 -3.419094727265683087e+00 -2.523255018309323194e+00 -8.884170656901649310e-02 8.884170642241528970e-02 2.523255018583783649e+00 3.419094727560585856e+00
6.299999999999999822e+00 -3.421899617866614562e+00 -2.503327516929987784e+00 -6.465886864500997033e-02 6.465886883721265466e-02 2.503327509598352485e+00 3.421899609424204680e+00
6.400000000000000355e+00 -3.424032054254889434e+00 -2.482689770125711348e+00 -4.030455928901480883e-02 4.030455949954951655e-02 2.482689766002514897e+00 3.424032049462769844e+00
6.500000000000000000e+00 -3.425439167972931021e+00 -2.461306709710682217e+00 -1.578309860545833512e-02 1.578309863836847848e-02 2.461306709741978072e+00 3.425439168010623980e+00
6.599999999999999645e+00 -3.446519351058228597e+00 -2.467509335813562465e+00 3.278221511576651808e-04 3.278221514804296197e-04 2.467509335888414590e+00 3.446519351147150800e+00
6.700000000000000178e+00 -3.503508226863230934e+00 -2.523733149511046214e+00 3.513673510004059852e-04 3.513673512380680345e-04 2.523733149300278367e+00 3.503508226614372223e+00
6.799999999999999822e+00 -3.560192207028554989e+00 -2.579696384845274082e+00 3.748763306327076886e-04 3.748763306476402967e-04 2.579696385752387133e+00 3.560192208096344846e+00
6.900000000000000355e+00 -3.616592717287900438e+00 -2.635416863417719302e+00 3.978528247403448912e-04 3.978528249554146067e-04 2.635416866065272590e+00 3.616592720395323202e+00
7.000000000000000000e+00 -3.672729231388642823e+00 -2.690910825503522119e+00 4.216426332952987561e-04 4.216426334305767212e-04 2.690910825255104832e+00 3.672729231097916269e+00
7.099999999999999645e+00 -3.728619156435850623e+00 -2.746192796107107981e+00 4.450985939692154460e-04 4.450985940058772004e-04 2.746192801513025916e+00 3.728619162745998583e+00
7.200000000000000178e+00 -3.784278427541956091e+00 -2.801276105177799014e+00 4.686388705124253356e-04 4.686388706255672533e-04 2.801276106920470355e+00 3.784278429570760771e+00
7.299999999999999822e+00 -3.839721528210851442e+00 -2.856172889633399770e+00 4.919599249924500777e-04 4.919599250772319771e-04 2.856172890874599801e+00 3.839721529652288190e+00
7.400000000000000355e+00 -3.894961704541765268e+00 -2.910894266348950765e+00 5.154167974372999899e-04 5.154167975506089832e-04 2.910894256286742365e+00 3.894961692885186899e+00
7.500000000000000000e+00 -3.950010916511946579e+00 -2.965450280768040514e+00 5.390608608566438420e-04 5.390608608620668044e-04 2.965450282685166972e+00 3.950010918727678622e+00
7.599999999999999645e+00 -4.004880322808585191e+00 -3.019850332376250002e+00 5.618580444669074104e-04 5.618580444869135425e-04 3.019850335550219089e+00 4.004880326468550855e+00
7.700000000000000178e+00 -4.059580093410168011e+00 -3.074102995647711722e+00 5.856301304001646944e-04 5.856301305036743432e-04 3.074102978143564258e+00 4.059580073269282607e+00
7.799999999999999822e+00 -4.114119571062297531e+00 -3.128216159971248800e+00 6.092157354019234672e-04 6.092157354111726875e-04 3.128216160192920370e+00 4.114119571316971147e+00
7.900000000000000355e+00 -4.168507358423482856e+00 -3.182197095404979414e+00 6.321022154258943001e-04 6.321022155027783288e-04 3.182197094159154638e+00 4.168507356995585056e+00
8.000000000000000000e+00 -4.222751734636771559e+00 -3.236052835776932479e+00 6.552335149022155570e-04 6.552335149494427531e-04 3.236052835482750911e+00 4.222751734300757676e+00
8.099999999999999645e+00 -4.276859844822503476e+00 -3.289789424057405043e+00 6.784442434695985924e-04 6.784442434829506506e-04 3.289789422987178469e+00 4.276859843600912647e+00
8.199999999999999289e+00 -4.330838764267717522e+00 -3.343412886251263760e+00 7.016267288130426929e-04 7.016267288414988800e-04 3.343412885970745041e+00 4.330838763948213099e+00
8.300000000000000711e+00 -4.384694619639618374e+00 -3.396928411305534468e+00 7.248794414696989015e-04 7.248794415387753735e-04 3.396928408238983899e+00 4.384694616152080116e+00
8.400000000000000355e+00 -4.438433681241082951e+00 -3.450341369011039827e+00 7.483360538629613449e-04 7.483360539171019562e-04 3.450341370646598183e+00 4.438433683097984250e+00
8.500000000000000000e+00 -4.492061423124563468e+00 -3.503656422657629665e+00 7.718497019288952325e-04 7.718497019733821076e-04 3.503656414288478960e+00 4.492061413639315326e+00
8.599999999999999645e+00 -4.545582995292448025e+00 -3.556877969521627492e+00 7.949544408566776126e-04 7.949544408867962068e-04 3.556877967729118240e+00 4.545582993264245530e+00
8.699999999999999289e+00 -4.599003275154278647e+00 -3.610010185469602284e+00 8.184651065322795169e-04 8.184651066896952640e-04 3.610010186263341581e+00 4.599003276050929401e+00
8.800000000000000711e+00 -4.652326924861618807e+00 -3.663057073460721291e+00 8.418625952935227799e-04 8.418625953241487807e-04 3.663057072901710676e+00 4.652326924231264371e+00
8.900000000000000355e+00 -4.705558121693383278e+00 -3.716022210811840143e+00 8.652429782719823093e-04 8.652429783638010061e-04 3.716022205760777464e+00 4.705558116005033931e+00
9.000000000000000000e+00 -4.758700897274610320e+00 -3.768909063769968260e+00 8.885209244153754755e-04 8.885209244324671638e-04 3.768909064257213615e+00 4.758700897822575548e+00
9.099999999999999645e+00 -4.811759044354150916e+00 -3.821720896892252473e+00 9.118325955384942857e-04 9.118325956051230629e-04 3.821720896241002308e+00 4.811759043622813259e+00
9.199999999999999289e+00 -4.864736102401727713e+00 -3.874460758747324096e+00 9.350938087186401373e-04 9.350938087584232013e-04 3.874460756896498381e+00 4.864736100326341628e+00
9.300000000000000711e+00 -4.917635386923113749e+00 -3.927131507251650611e+00 9.585904312805581910e-04 9.585904312942743243e-04 3.927131507949136235e+00 4.917635387704157424e+00
9.400000000000000355e+00 -4.970459988128640205e+00 -3.979735805534442949e+00 9.817947150871292935e-04 9.817947151013071885e-04 3.979735804243869079e+00 4.970459986685385800e+00
9.500000000000000000e+00 -5.023213347665601347e+00 -4.032276668633158145e+00 1.004987187406498894e-03 1.004987187559371834e-03 4.032276667457868946e+00 5.023213346353445630e+00
9.599999999999999645e+00 -5.075897652632015422e+00 -4.084755938928627650e+00 1.028187829137825523e-03 1.028187829180039802e-03 4.084755941021880332e+00 5.075897654966940564e+00
9.699999999999999289e+00 -5.128515872381902874e+00 -4.137176215302820204e+00 1.051368228788272840e-03 1.051368229217263667e-03 4.137176217474300977e+00 5.128515874800150698e+00
9.800000000000000711e+00 -5.181070563785165284e+00 -4.189539719039395926e+00 1.074572820609300114e-03 1.074572820975980975e-03 4.189539706915750727e+00 5.181070550294792021e+00
9.900000000000000355e+00 -5.233564084701870733e+00 -4.241848498459506622e+00 1.097829539346184069e-03 1.097829539370885231e-03 4.241848497796177675e+00 5.233564083964542313e+00
1.000000000000000000e+01 -5.285998646314363114e+00 -4.294104471485302277e+00 1.121055600227588043e-03 1.121055600312512298e-03 4.294104472848413678e+00 5.285998647827379493e+00
