# U/t E_var/t Z0 Z1 docc max|c| |tangent grad| KKT_phi KKT_psi
1.000000000000000056e-01 -2.050312492001244991e+00 9.998437460064820703e-01 9.998437459722961940e-01 2.468749998282645242e-01 2.597921877622866305e-14 2.106592197567451454e-07 8.547154897798761662e-08 1.302045108883542746e-09
2.000000000000000111e-01 -2.101249992004964096e+00 9.993749966563334475e-01 9.993749962086974081e-01 2.437500000056366245e-01 9.658940314238861902e-15 5.345837130560164417e-07 3.207049757423033592e-07 4.889674633939966597e-09
2.999999999999999889e-01 -2.152812492011245471e+00 9.985937460788247844e-01 9.985937461298342033e-01 2.406249999638356285e-01 2.886579864025407005e-15 1.404114199859550694e-07 9.204667842795392064e-08 5.420174344072936634e-10
4.000000000000000222e-01 -2.204999992019954558e+00 9.974999967033988391e-01 9.975000035587862079e-01 2.374999999687401053e-01 6.661338147750939243e-15 5.271259534458859980e-07 3.327434076486144449e-07 4.806528340487239981e-09
5.000000000000000000e-01 -2.257812492031244567e+00 9.960937457702692122e-01 9.960937457148911767e-01 2.343749986916101313e-01 1.509903313490212895e-14 1.758752204046838166e-07 6.582786482998612652e-08 9.491556869894307580e-10
5.999999999999999778e-01 -2.311249992044994706e+00 9.943749963312040752e-01 9.943749979726625998e-01 2.312500005350017762e-01 2.398081733190338127e-14 2.212963677602462754e-07 1.087623545684160095e-07 8.011613707517573069e-10
6.999999999999999556e-01 -2.365312492061239169e+00 9.923437463705386818e-01 9.923437475179009981e-01 2.281250000024283020e-01 5.440092820663267048e-15 3.287075460850673884e-07 2.056594158277081540e-07 4.038425238748338808e-10
8.000000000000000444e-01 -2.419999992079940654e+00 9.900000231898099523e-01 9.900000029555261483e-01 2.250000014626857281e-01 1.965094753586527077e-14 8.067388165945905825e-07 3.472517688389187922e-07 8.916646032641750708e-09
9.000000000000000222e-01 -2.475339225842168034e+00 9.999853117356073406e-01 9.999853099678212009e-01 2.218153904933020670e-01 5.773159728050814010e-15 9.098574371682130567e-07 3.846227333292873141e-07 9.043211846027077172e-08
1.000000000000000000e+00 -2.531290794187393889e+00 9.999856658038670520e-01 9.999856654188703509e-01 2.186681391447063416e-01 1.454392162258955068e-14 9.449429026902645476e-07 2.703672600384843250e-07 1.040298946985984685e-08
1.100000000000000089e+00 -2.587872302197037122e+00 9.999848289858133121e-01 9.999848279947434193e-01 2.155159076210239610e-01 2.220446049250313081e-14 2.200300704483109836e-06 6.333605708855327698e-07 9.317559218624538175e-08
1.199999999999999956e+00 -2.645084797904544871e+00 9.999828324129746981e-01 9.999828324562257675e-01 2.123581747931590769e-01 1.532107773982716026e-14 2.056117079525621964e-06 6.099913109069987627e-07 1.983767539126546353e-09
1.300000000000000044e+00 -2.702929434181961188e+00 9.999796317671182377e-01 9.999796314615365667e-01 2.091944132818634450e-01 2.065014825802791165e-14 1.158082117111844567e-06 5.182705644160567893e-07 3.353928934579641918e-08
1.399999999999999911e+00 -2.761407470157553057e+00 9.999751253579314270e-01 9.999751254125969213e-01 2.060240877890545941e-01 3.241851231905457098e-14 3.061376416529211392e-06 1.178418771174971624e-06 3.555211447459072360e-08
1.500000000000000000e+00 -2.820520272775942416e+00 9.999691714336168546e-01 9.999691714555726252e-01 2.028466556124156606e-01 1.754152378907747334e-14 1.808021955642884042e-06 7.019273093877842484e-07 1.040361852222559946e-08
1.600000000000000089e+00 -2.880269318504091736e+00 9.999615936549977047e-01 9.999615936445248598e-01 1.996615640617881993e-01 1.665334536937734811e-14 1.551867523990024761e-06 6.958827374892173623e-07 3.919085056480753337e-10
1.699999999999999956e+00 -2.940656195199600198e+00 9.999521856336720527e-01 9.999521857029839422e-01 1.964682514334833152e-01 1.465494392505206633e-14 2.709827368717517422e-06 1.093106229255180750e-06 2.702633727924563800e-09
1.800000000000000044e+00 -3.001682604136934884e+00 9.999407132376516572e-01 9.999407131407073157e-01 1.932661453027479936e-01 1.276756478318930021e-14 1.263280209463627438e-06 5.623689473543969086e-07 7.244608535295071761e-08
1.899999999999999911e+00 -3.063350362202678756e+00 9.999269148360980797e-01 9.999269148219941394e-01 1.900546618514419306e-01 7.105427357601001859e-15 1.371424778164821179e-06 5.525928248317768521e-07 1.770388879940298921e-08
2.000000000000000000e+00 -3.125661404271617982e+00 9.999105023603013231e-01 9.999105014642557521e-01 1.868332049074474810e-01 3.042011087472928921e-14 1.808415616527449344e-06 5.564349470632556915e-07 4.859151264691163874e-08
2.100000000000000089e+00 -3.188617785769564783e+00 9.998911563091975596e-01 9.998911563713629436e-01 1.836011648168500432e-01 1.221245327087672194e-14 1.620148951056000490e-06 6.130618260581643941e-07 8.016191965776187089e-08
2.200000000000000178e+00 -3.252221685428961617e+00 9.998685333967800570e-01 9.998685333651006202e-01 1.803579180108285107e-01 1.509903313490212895e-14 1.379312726908910050e-06 4.682535777456031667e-07 1.214987821462898410e-08
2.299999999999999822e+00 -3.316475408258104274e+00 9.998422564326386874e-01 9.998422559865446368e-01 1.771028252517725665e-01 1.465494392505206633e-14 1.400566608459124446e-06 5.232937329256726056e-07 1.928859266753235602e-08
2.399999999999999911e+00 -3.381381388726329540e+00 9.998119158841994869e-01 9.998119159227851771e-01 1.738352309094479131e-01 1.176836406102665933e-14 3.383293196842562475e-07 1.241985010114188270e-07 7.953399050464327047e-10
2.500000000000000000e+00 -3.446942194182466057e+00 9.997770698954707713e-01 9.997770699346310019e-01 1.705544616119499257e-01 1.110223024625156540e-14 8.874370552297000046e-07 3.880131968503341966e-07 8.575986032433036144e-10
2.600000000000000089e+00 -3.513160528521822812e+00 9.997372390030500044e-01 9.997372390202771131e-01 1.672598250325216807e-01 1.754152378907747334e-14 1.044973400518507848e-06 3.995226041109134485e-07 5.164868144280632123e-09
2.700000000000000178e+00 -3.580039236114955337e+00 9.996919051264382405e-01 9.996919051550896551e-01 1.639506085317292972e-01 9.103828801926283631e-15 8.755364123602411782e-07 3.800844418089255328e-07 5.530869234826596426e-10
2.799999999999999822e+00 -3.647581306014989977e+00 9.996405088095234870e-01 9.996405088078830214e-01 1.606260776666689760e-01 4.662936703425657470e-15 8.448683996446961356e-07 3.928510236006488299e-07 2.196630100037566535e-10
2.899999999999999911e+00 -3.715789876466551789e+00 9.995824461353314261e-01 9.995824460598563554e-01 1.572854747413510723e-01 1.088018564132653410e-14 1.343708417845044413e-06 4.291654030347258342e-07 1.798980958644946782e-08
3.000000000000000000e+00 -3.784668239732329464e+00 9.995170645266689968e-01 9.995170645989996938e-01 1.539280168918916447e-01 2.131628207280300558e-14 7.218367019533725945e-07 2.736847868750613699e-07 1.350698441981990072e-09
3.100000000000000089e+00 -3.854219847261681320e+00 9.994436622316537067e-01 9.994436613863564300e-01 1.505528948519799237e-01 1.665334536937734811e-14 7.726817292540369662e-07 2.159059277473396321e-07 3.424930283824068056e-09
3.200000000000000178e+00 -3.924448315226314321e+00 9.993614782497692861e-01 9.993614782727660018e-01 1.471592703712268912e-01 1.310063169057684718e-14 9.008508574618843747e-07 4.128807419706559401e-07 3.295777262213306358e-10
3.299999999999999822e+00 -3.995357430450909852e+00 9.992696964859052455e-01 9.992696965647328566e-01 1.437462747589950407e-01 6.550315845288423588e-15 4.373358400905176677e-07 2.350196638273294170e-07 1.268239041563035130e-09
3.399999999999999911e+00 -4.066951156767139253e+00 9.991674340604802529e-01 9.991674340177758573e-01 1.403130063044887299e-01 2.442490654175344389e-14 7.221108427624649488e-07 3.525829458395079996e-07 2.839293730683145611e-10
3.500000000000000000e+00 -4.139233641827963162e+00 9.990537332036631968e-01 9.990537387384361701e-01 1.368585286657247879e-01 1.099120794378904975e-14 1.514990461789427209e-06 6.604284889799583169e-07 1.585043411800324265e-08
3.600000000000000089e+00 -4.212209224410861985e+00 9.989275845727095815e-01 9.989275841997511396e-01 1.333818653181317870e-01 2.176037128265306819e-14 4.327170919956909122e-06 1.828187004171422103e-06 2.231192106072477088e-09
3.700000000000000178e+00 -4.285882442265684489e+00 9.987878626073759536e-01 9.987878627871997761e-01 1.298820026217667734e-01 4.996003610813204432e-15 1.268014120084506095e-06 4.199738887211701410e-07 7.855707195858485647e-10
3.799999999999999822e+00 -4.360258040527485335e+00 9.986333785091653370e-01 9.986333782459602126e-01 1.263578809045407536e-01 1.088018564132653410e-14 1.021269567628162919e-06 5.625283877874753813e-07 8.811312790513170512e-10
3.899999999999999911e+00 -4.435340980776263820e+00 9.984628405884653501e-01 9.984628400849431262e-01 1.228083942759732594e-01 1.221245327087672194e-14 1.027456008700307983e-06 4.187705243963169011e-07 2.133490870082077606e-09
4.000000000000000000e+00 -4.511136450767777362e+00 9.982748545085411429e-01 9.982748543622229631e-01 1.192323861057955348e-01 7.660538869913580129e-15 9.950278640281628571e-07 6.008812985652811633e-07 2.945101995610599488e-09
4.099999999999999645e+00 -4.587649874917028470e+00 9.980679147239188698e-01 9.980679139889301332e-01 1.156286464544166032e-01 9.880984919163893210e-15 1.097509426700329138e-06 5.246058496846672803e-07 2.069912991009559278e-09
4.200000000000000178e+00 -4.664886925594952771e+00 9.978403915184475004e-01 9.978403910524256126e-01 1.119959045670296249e-01 1.443289932012703503e-14 3.979432877985405103e-07 1.477820710527044668e-07 1.478791547548929941e-09
4.299999999999999822e+00 -4.742853535315329161e+00 9.975905237988738072e-01 9.975905239466769103e-01 1.083328280249620246e-01 1.743050148661495768e-14 2.053470641642345768e-06 8.130640322956406152e-07 1.166793439644209229e-09
4.400000000000000355e+00 -4.821555909899855052e+00 9.973164045929989729e-01 9.973164060148078658e-01 1.046380161799248809e-01 2.176037128265306819e-14 7.956135814103423405e-07 2.987916394858736169e-07 3.029976103352538530e-09
4.500000000000000000e+00 -4.901000542713347841e+00 9.970159706226517926e-01 9.970159706141794587e-01 1.009099934531818843e-01 3.552713678800500929e-15 8.759004490384134627e-07 3.302135596627842062e-07 1.284386069722032175e-10
4.599999999999999645e+00 -4.981194230078358487e+00 9.966869810292955378e-01 9.966869810245266859e-01 9.714720441417444563e-02 1.409983241273948806e-14 1.454344106692948658e-06 5.107678974769491731e-07 1.878312394509862315e-09
4.700000000000000178e+00 -5.062144087995603670e+00 9.963270082797734961e-01 9.963270084092525902e-01 9.334800653582234209e-02 2.975397705995419528e-14 1.172377963427427214e-06 3.919794784867924875e-07 4.480956161678761873e-10
4.799999999999999822e+00 -5.143857570295508275e+00 9.959334154530046224e-01 9.959334156448473863e-01 8.951066273397337292e-02 1.720845688168992638e-14 8.745809546191649975e-07 3.455554214992773154e-07 8.568292741983896121e-10
4.900000000000000355e+00 -5.226342488385837370e+00 9.955033371283507071e-01 9.955033369043380098e-01 8.563333289439975515e-02 4.329869796038110508e-15 1.172736324846756455e-06 3.914860192966163055e-07 3.270696491419755603e-10
5.000000000000000000e+00 -5.309607032766757939e+00 9.950336544681498419e-01 9.950336544297520014e-01 8.171406452707724588e-02 2.942091015256664832e-14 3.140482119461300368e-06 1.528535896161420382e-06 9.147614610238719024e-10
5.099999999999999645e+00 -5.393659796517443539e+00 9.945209714518572497e-01 9.945209714363190123e-01 7.775078253294172292e-02 1.076916333886401844e-14 3.923799423032599487e-07 2.121060952431363944e-07 1.081454925611069484e-10
5.200000000000000178e+00 -5.478509800968193844e+00 9.939615842635918241e-01 9.939615842717310912e-01 7.374127742701047650e-02 1.287858708565181587e-14 9.929913809179477397e-07 4.559070604787107683e-07 2.022598200035474747e-10
5.299999999999999822e+00 -5.564166523843068646e+00 9.933514479707528100e-01 9.933514479641307737e-01 6.968319247536164385e-02 2.087219286295294296e-14 1.699056832905112161e-06 8.199103653239170342e-07 7.402164992065252136e-11
5.400000000000000355e+00 -5.650639930150409995e+00 9.926861392767866166e-01 9.926861394061878840e-01 6.557400898526291599e-02 1.942890293094023946e-14 1.885740699346489142e-06 6.588155975206788639e-07 6.287642073665722364e-10
5.500000000000000000e+00 -5.737940506178164313e+00 9.919608137351543231e-01 9.919608138938917907e-01 6.141102985438528367e-02 7.993605777301127091e-15 7.087053132778425722e-07 2.816999774002404422e-07 5.433775096541637595e-10
5.599999999999999645e+00 -5.826079296989735035e+00 9.911701573041251656e-01 9.911701572715967412e-01 5.719136131764944453e-02 1.254552017826426891e-14 1.362036840382717925e-06 4.500616218594544193e-07 1.008076122577250544e-10
5.700000000000000178e+00 -5.915067947888594801e+00 9.903083292816028393e-01 9.903083291681331612e-01 5.291189101330925904e-02 2.153832667772803688e-14 1.263180873878675772e-06 5.036189933138590646e-07 7.396649959190426671e-10
5.799999999999999822e+00 -6.004918750384243609e+00 9.893689138929186999e-01 9.893688890072445119e-01 4.856926476896138156e-02 9.769962616701377556e-15 1.679394228827822018e-06 7.575392589331819693e-07 4.032167988388124513e-09
5.900000000000000355e+00 -6.095644693298291728e+00 9.883447734007048124e-01 9.883447731928510782e-01 4.415985880440042449e-02 2.020605904817784904e-14 1.034242210959689386e-06 4.533186800104171965e-07 2.238063345760821221e-10
6.000000000000000000e+00 -6.187259519752974057e+00 9.872281070723558649e-01 9.872281072257882428e-01 3.967974829657387736e-02 1.132427485117659671e-14 9.178860552064067410e-07 3.224838957260889316e-07 1.059714260787103512e-09
6.099999999999999645e+00 -6.279777790915060720e+00 9.860102077019600175e-01 9.860102078402711578e-01 3.512467117132350714e-02 2.242650509742816212e-14 1.297035067989008664e-06 3.612334487090862467e-07 3.660376307612622782e-10
6.200000000000000178e+00 -6.373214957546794679e+00 9.846814154520850959e-01 9.846814154725094248e-01 3.048998599249753971e-02 1.354472090042690979e-14 1.371667474419212165e-06 6.161744632304788638e-07 9.619136043248488477e-11
6.299999999999999822e+00 -6.467587440594713577e+00 9.832309691279372821e-01 9.832309691167617771e-01 2.577062358069552930e-02 1.454392162258955068e-14 1.103058913226776561e-06 5.499782940315833812e-07 3.775515178272570438e-10
6.400000000000000355e+00 -6.562912722320245251e+00 9.816468431379550275e-01 9.816468432400414779e-01 2.096102975577516722e-02 9.992007221626408864e-15 1.551018763656160466e-06 4.437288507325165554e-07 4.203100367750067790e-10
6.500000000000000000e+00 -6.659209449766207989e+00 9.799155568861089849e-01 9.799155568886124268e-01 1.605509882045275810e-02 3.108624468950438313e-15 5.142076005288068241e-07 2.903481152727316328e-07 3.810654916613920307e-12
6.599999999999999645e+00 -6.756437994784633361e+00 9.790100136383159679e-01 9.790100168653930179e-01 1.270403039543659476e-02 8.881784197001252323e-15 1.114786271831028224e-06 4.119927464740769096e-07 7.693365000616125826e-09
6.700000000000000178e+00 -6.853939602442919110e+00 9.797750769938190496e-01 9.797750776726963373e-01 1.228362330792862750e-02 5.773159728050814010e-15 4.978766274951021419e-07 2.343535591220816117e-07 5.534435687515326663e-09
6.799999999999999822e+00 -6.951523107807101809e+00 9.804958222695736580e-01 9.804958222576753979e-01 1.188478539227876690e-02 2.620126338115369435e-14 5.483296655268883113e-07 2.108288368607436070e-07 1.511776326346137012e-08
6.900000000000000355e+00 -7.049184352900232042e+00 9.811758559534449198e-01 9.811758522469768984e-01 1.150598296774583279e-02 2.131628207280300558e-14 1.199263912059106445e-06 9.365815371309427206e-07 2.594973613767592724e-08
7.000000000000000000e+00 -7.146919472077748026e+00 9.818184062329031736e-01 9.818184054951458739e-01 1.114582348267752036e-02 1.776356839400250465e-15 2.827410719630162918e-07 1.384800977846656345e-07 3.200967775562890694e-09
7.099999999999999645e+00 -7.244724865234568156e+00 9.824263600787487283e-01 9.824263614829636948e-01 1.080304166163576461e-02 2.176037128265306819e-14 2.059255243942379086e-06 1.129046925271715018e-06 1.152501614976042532e-08
7.200000000000000178e+00 -7.342597174093718593e+00 9.830023222359842716e-01 9.830023227785233964e-01 1.047648290903951257e-02 6.883382752675970551e-15 1.188055667690503711e-06 8.065946917705513197e-07 1.743453709526776585e-08
7.299999999999999822e+00 -7.440533261131141884e+00 9.835486367539583163e-01 9.835486406012383664e-01 1.016509188991879253e-02 1.709743457922741072e-14 1.663874626769691992e-06 6.300530662750603028e-07 1.361932433496804151e-08
7.400000000000000355e+00 -7.538530190800063480e+00 9.840674378166991421e-01 9.840674369746680306e-01 9.867902254762337538e-03 4.218847493575594854e-15 1.242794321630236377e-06 5.352903115624085828e-07 5.626899061278445302e-09
7.500000000000000000e+00 -7.636585212733411510e+00 9.845606353368175911e-01 9.845606364496026774e-01 9.584027507909147203e-03 2.098321516541545861e-14 1.175074166759923097e-06 5.099426195198653033e-07 4.225822608505680478e-09
7.599999999999999645e+00 -7.734695746688929674e+00 9.850299911621102078e-01 9.850299901885701814e-01 9.312651736498027411e-03 1.776356839400250465e-14 8.465600913301375936e-07 3.507477838726735797e-07 6.109898607886687927e-09
7.700000000000000178e+00 -7.832859369004672168e+00 9.854770952764195791e-01 9.854770976118338854e-01 9.053023666333537278e-03 1.221245327087672194e-14 1.578468026483700770e-06 8.214082905799724443e-07 2.542189936338701273e-08
7.799999999999999822e+00 -7.931073800393326323e+00 9.859034110229543124e-01 9.859034111921498589e-01 8.804449926778132318e-03 2.575717417130363174e-14 1.048534725949660379e-06 4.581125505054295388e-07 2.895444821404691282e-09
7.900000000000000355e+00 -8.029336894909954836e+00 9.863102590172648787e-01 9.863102668377128346e-01 8.566290009056969426e-03 1.698641227676489507e-14 2.038149801815765721e-06 1.101934745201260668e-06 3.286318761563933322e-08
8.000000000000000000e+00 -8.127646629959425439e+00 9.866988987950467971e-01 9.866988988828124807e-01 8.337949463259431565e-03 1.176836406102665933e-14 2.259076876669927331e-06 9.671825702550762571e-07 8.939536999541530804e-09
8.099999999999999645e+00 -8.226001097227385372e+00 9.870704206335525477e-01 9.870704207452900558e-01 8.118879185855836650e-03 3.108624468950438313e-15 6.692546885973934378e-07 3.677359759340914636e-07 7.837463400495181531e-09
8.199999999999999289e+00 -8.324398494429070539e+00 9.874258770434389820e-01 9.874258789504890554e-01 7.908567638315579240e-03 2.453592884421595954e-14 1.015688602593045058e-06 5.557296146878505649e-07 1.052954929151028729e-08
8.300000000000000711e+00 -8.422837117794809814e+00 9.877662084812357524e-01 9.877662077660116502e-01 7.706541283674690421e-03 9.769962616701377556e-15 7.663062505609208745e-07 3.039413642852428765e-07 1.488009168659765180e-08
8.400000000000000355e+00 -8.521315355202176534e+00 9.880923124561156179e-01 9.880923122253545410e-01 7.512356572636779556e-03 3.774758283725532237e-15 8.518096281276866461e-07 3.286536120472582923e-07 1.182158513440834113e-08
8.500000000000000000e+00 -8.619831679900215704e+00 9.884049998313353402e-01 9.884049999864752412e-01 7.325601939328902149e-03 4.440892098500626162e-15 1.018059807915438521e-06 5.576927544770349243e-07 1.971904139974611780e-08
8.599999999999999645e+00 -8.718384644758380375e+00 9.887050263815279072e-01 9.887050249244470068e-01 7.145893055116940909e-03 7.105427357601001859e-15 1.048072273596003590e-06 3.612076640568950836e-07 9.965345881823850505e-09
8.699999999999999289e+00 -8.816972876988813823e+00 9.889930905566007846e-01 9.889930889157729776e-01 6.972870555528832073e-03 8.881784197001252323e-16 8.999406632697127274e-07 2.694769379342487614e-07 1.391275956941218084e-08
8.800000000000000711e+00 -8.915595073295374817e+00 9.892698515697468942e-01 9.892698511607209699e-01 6.806198135547939475e-03 5.329070518200751394e-15 8.092503351764171316e-07 3.432528978830617916e-07 1.493901450808077236e-08
8.900000000000000355e+00 -9.014249995411171668e+00 9.895359107601279236e-01 9.895359103657552780e-01 6.645561569567170687e-03 2.076117056049042731e-14 2.651868202701339923e-06 1.028679051134906430e-06 2.701364398838279612e-08
9.000000000000000000e+00 -9.112936465986162915e+00 9.897918335439410686e-01 9.897918335260560418e-01 6.490665935069622923e-03 1.332267629550187849e-15 4.777561682215478538e-07 2.221889494752327110e-07 2.598417325055946137e-09
9.099999999999999645e+00 -9.211653364784776699e+00 9.900381467328878138e-01 9.900381481108747606e-01 6.341234612831458603e-03 6.661338147750939243e-15 3.962073292894137653e-07 5.306486126621656751e-07 2.541342292161630212e-08
9.199999999999999289e+00 -9.310399625183789496e+00 9.902753433139752648e-01 9.902753437702870309e-01 6.197007926551074616e-03 2.553512956637860043e-15 4.524224554212350258e-07 3.092847058946968097e-07 1.168276400273504656e-08
9.300000000000000711e+00 -9.409174230922584314e+00 9.905038801184786745e-01 9.905038793080156445e-01 6.057741857696056706e-03 4.440892098500626162e-16 4.057004410662422627e-07 1.564052521385583816e-07 1.125895238152097022e-08
9.400000000000000355e+00 -9.507976213096371865e+00 9.907241866986021828e-01 9.907241783370996924e-01 5.923207019242097277e-03 1.387778780781445676e-14 9.193401334369172014e-07 3.676913722869268319e-07 3.751683130825966828e-08
9.500000000000000000e+00 -9.606804647368420547e+00 9.909366773335235301e-01 9.909366805945117873e-01 5.793185673495400249e-03 2.442490654175344389e-14 2.881336973429071338e-06 1.377391499191027435e-06 2.221414761860440734e-08
9.599999999999999645e+00 -9.705658651380112190e+00 9.911417141307650169e-01 9.911417135176816551e-01 5.667476174988331401e-03 5.995204332975845318e-15 1.880963171588421921e-06 7.262499678306610917e-07 1.500610991023165752e-08
9.699999999999999289e+00 -9.804537382341258933e+00 9.913396583066151901e-01 9.913396560984211181e-01 5.545885404559937164e-03 3.086420008457935182e-14 2.200124237045210437e-06 1.454709339845233762e-06 4.726105490293619482e-08
9.800000000000000711e+00 -9.903440034796771485e+00 9.915308454907073576e-01 9.915308426341195025e-01 5.428232008727097019e-03 1.598721155460225418e-14 2.937599790641964073e-06 1.152282392948358880e-06 3.664246667200998786e-08
9.900000000000000355e+00 -1.000236583853526540e+01 9.917155863774087532e-01 9.917155860333468631e-01 5.314344737702923413e-03 6.106226635438360972e-15 9.677327198015431095e-07 5.187781064730501157e-07 1.614606170985410927e-08
1.000000000000000000e+01 -1.010131405664639992e+01 9.918941753556302920e-01 9.918941744524778503e-01 5.204061974364778374e-03 1.199040866595169064e-14 1.427654132938668528e-06 7.920782597106712508e-07 3.187488745171052074e-08
