# U/t eqp0 eqp1 eqp2 eqp3 eqp4 eqp5
1.000000000000000056e-01 -9.998437459997568943e-01 -9.802002605325839391e-02 -9.801947541458069790e-02 9.802020779836219389e-02 9.802102648765240178e-02 9.998437459997975285e-01
2.000000000000000111e-01 -2.069633623546302204e+00 -2.068244941165409134e+00 -9.984702266220900624e-01 9.984702269755666437e-01 2.068245423813905859e+00 2.069634105944412106e+00
2.999999999999999889e-01 -2.674439310343946552e+00 -2.671545297519944295e+00 -9.970194449280255222e-01 9.970194450276360643e-01 2.671545412494137128e+00 2.674439425221064592e+00
4.000000000000000222e-01 -2.879279301290056381e+00 -2.874236207543013233e+00 -9.949027178890048617e-01 9.949027179152455380e-01 2.874236234258635392e+00 2.879279327987289694e+00
5.000000000000000000e-01 -2.951320970159559742e+00 -2.943497310700266212e+00 -9.921401847856684553e-01 9.921401847884536718e-01 2.943497312756178985e+00 2.951320972217832406e+00
5.999999999999999778e-01 -2.981090466948001616e+00 -2.969865389016031365e+00 -9.887490383873869249e-01 9.887490384226955697e-01 2.969865402890774053e+00 2.981090480788008978e+00
6.999999999999999556e-01 -2.995948452400175821e+00 -2.980708893678109206e+00 -9.847405781308808947e-01 9.847405781276210579e-01 2.980708892907263152e+00 2.995948451629536713e+00
8.000000000000000444e-01 -3.005060935790922372e+00 -2.985201410455963433e+00 -9.801240701400421029e-01 9.801240701439056791e-01 2.985201411335212107e+00 3.005060936667278693e+00
9.000000000000000222e-01 -3.011801815461589982e+00 -2.986724115894886733e+00 -9.749076094174968787e-01 9.749076094163761086e-01 2.986724115704899596e+00 3.011801815272911131e+00
1.000000000000000000e+00 -3.017567687890343020e+00 -2.986681169383726075e+00 -9.690991471096926935e-01 9.690991471123893142e-01 2.986681169979445993e+00 3.017567688484255051e+00
1.100000000000000089e+00 -3.022990385579911177e+00 -2.985712404690801680e+00 -9.627068476360091109e-01 9.627068476335916003e-01 2.985712404420424626e+00 3.022990385313408357e+00
1.199999999999999956e+00 -3.028375910024655226e+00 -2.984132306888746644e+00 -9.557392292116414501e-01 9.557392292112393273e-01 2.984132306868334972e+00 3.028375910004996285e+00
1.300000000000000044e+00 -3.033879615823764642e+00 -2.982105189980897908e+00 -9.482052055676422064e-01 9.482052055709805360e-01 2.982105190365660352e+00 3.033879616206173413e+00
1.399999999999999911e+00 -3.039601725127516474e+00 -2.979741065537345968e+00 -9.401144657537513494e-01 9.401144657526377957e-01 2.979741065447180315e+00 3.039601725039265290e+00
1.500000000000000000e+00 -3.045552636197244922e+00 -2.977059601796544719e+00 -9.314761370175104194e-01 9.314761370198626489e-01 2.977059601985597048e+00 3.045552636383772160e+00
1.600000000000000089e+00 -3.051765800890436253e+00 -2.974104670737511835e+00 -9.223004634128170176e-01 9.223004634116490630e-01 2.974104670680856266e+00 3.051765800835682274e+00
1.699999999999999956e+00 -3.058248637782649215e+00 -2.970894190317271200e+00 -9.125977380433183406e-01 9.125977380422818364e-01 2.970894190288248193e+00 3.058248637755457633e+00
1.800000000000000044e+00 -3.065000921713154636e+00 -2.967438693523727355e+00 -9.023784847484248584e-01 9.023784847490449179e-01 2.967438693550441542e+00 3.065000921739061468e+00
1.899999999999999911e+00 -3.072017612613408666e+00 -2.963744107000897632e+00 -8.916534086359633182e-01 8.916534086383474111e-01 2.963744107111450532e+00 3.072017612720673974e+00
2.000000000000000000e+00 -3.079290524533579543e+00 -2.959813371423945849e+00 -8.804333473415347777e-01 8.804333473396968035e-01 2.959813371373240187e+00 3.079290524485549074e+00
2.100000000000000089e+00 -3.086821918095940642e+00 -2.955660517038051882e+00 -8.687297551348650559e-01 8.687297551344194124e-01 2.955660517023670497e+00 3.086821918082368388e+00
2.200000000000000178e+00 -3.094579528911594934e+00 -2.951263792525757879e+00 -8.565527966956771877e-01 8.565527966949501026e-01 2.951263792503842076e+00 3.094579528890235576e+00
2.299999999999999822e+00 -3.102559756315798278e+00 -2.946631309316140257e+00 -8.439138085697533986e-01 8.439138085689786850e-01 2.946631309285211220e+00 3.102559756285783621e+00
2.399999999999999911e+00 -3.110749231289228867e+00 -2.941761061425691715e+00 -8.308237450586279937e-01 8.308237450585080897e-01 2.941761061427848212e+00 3.110749231291957351e+00
2.500000000000000000e+00 -3.119134011986519628e+00 -2.936650433703487995e+00 -8.172934899305676071e-01 8.172934899313220036e-01 2.936650433726823550e+00 3.119134012008870194e+00
2.600000000000000089e+00 -3.127699711033109509e+00 -2.931296298499123765e+00 -8.033338235579049469e-01 8.033338235573711517e-01 2.931296298474600270e+00 3.127699711009408468e+00
2.700000000000000178e+00 -3.136441735422847987e+00 -2.925705906839664028e+00 -7.889560758450158140e-01 7.889560758461022782e-01 2.925705906878333540e+00 3.136441735461130254e+00
2.799999999999999822e+00 -3.145328526957504867e+00 -2.919857706783446805e+00 -7.741696873685816049e-01 7.741696873688900249e-01 2.919857706785967899e+00 3.145328526959666693e+00
2.899999999999999911e+00 -3.154352318047855874e+00 -2.913755324797488111e+00 -7.589854504709663274e-01 7.589854504711583960e-01 2.913755324799980340e+00 3.154352318050460902e+00
3.000000000000000000e+00 -3.163497849868022627e+00 -2.907394290533129588e+00 -7.434135015060252538e-01 7.434135015062851570e-01 2.907394290539710546e+00 3.163497849874473467e+00
3.100000000000000089e+00 -3.172756290007404445e+00 -2.900776963208047121e+00 -7.274643335408346179e-01 7.274643335406094646e-01 2.900776963206727732e+00 3.172756290006482072e+00
3.200000000000000178e+00 -3.182101467649243176e+00 -2.893886759107527684e+00 -7.111467675486740081e-01 7.111467675482102679e-01 2.893886759096379713e+00 3.182101467638824399e+00
3.299999999999999822e+00 -3.191522432090843076e+00 -2.886723395547995619e+00 -6.944706562012866735e-01 6.944706562009139716e-01 2.886723395542391213e+00 3.191522432085460270e+00
3.399999999999999911e+00 -3.201003423099952450e+00 -2.879281218117971886e+00 -6.774452224777376408e-01 6.774452224774872855e-01 2.879281218120013364e+00 3.201003423102362522e+00
3.500000000000000000e+00 -3.210534567560320518e+00 -2.871560919676157564e+00 -6.600800881880780624e-01 6.600800881879503867e-01 2.871560919675105072e+00 3.210534567559356844e+00
3.600000000000000089e+00 -3.220090180486229414e+00 -2.863545564197950810e+00 -6.423829631487055769e-01 6.423829631488267022e-01 2.863545564198316740e+00 3.220090180486752107e+00
3.700000000000000178e+00 -3.229658301852336599e+00 -2.855233186723199701e+00 -6.243627389612274037e-01 6.243627389616701606e-01 2.855233186730069761e+00 3.229658301858763014e+00
3.799999999999999822e+00 -3.239227665782939969e+00 -2.846622545176757058e+00 -6.060282532406041645e-01 6.060282532405872891e-01 2.846622545175436780e+00 3.239227665781736487e+00
3.899999999999999911e+00 -3.248773712955638437e+00 -2.837697346068193571e+00 -5.873864652847121670e-01 5.873864652845736112e-01 2.837697346063706494e+00 3.248773712951114501e+00
4.000000000000000000e+00 -3.258283138277374036e+00 -2.828453766289235283e+00 -5.684454679818072842e-01 5.684454679818357059e-01 2.828453766289122928e+00 3.258283138277184410e+00
4.099999999999999645e+00 -3.267744336631097646e+00 -2.818889818984864792e+00 -5.492133819222502211e-01 5.492133819224097602e-01 2.818889818989054774e+00 3.267744336635226787e+00
4.200000000000000178e+00 -3.277131459310021810e+00 -2.808987376417619863e+00 -5.296962823323346781e-01 5.296962823323819736e-01 2.808987376417743320e+00 3.277131459310107964e+00
4.299999999999999822e+00 -3.286430411314260613e+00 -2.798741443175428056e+00 -5.099015099314186950e-01 5.099015099313787269e-01 2.798741443176806953e+00 3.286430411315605760e+00
4.400000000000000355e+00 -3.295627532133021731e+00 -2.788147761724540263e+00 -4.898365859027165037e-01 4.898365859026136970e-01 2.788147761724027340e+00 3.295627532132618498e+00
4.500000000000000000e+00 -3.304700919050205687e+00 -2.777192304479253693e+00 -4.695072980807127316e-01 4.695072980808089325e-01 2.777192304480355034e+00 3.304700919051382524e+00
4.599999999999999645e+00 -2.152749548305129768e+00 -1.214681500963763927e+00 -1.861892407052587195e-06 1.861892408745317742e-06 1.214681500963904481e+00 2.152749548305291860e+00
4.700000000000000178e+00 -2.234352912352761233e+00 -1.291179353039341393e+00 -9.885946644627810305e-11 9.886119419603478648e-11 1.291179353039102917e+00 2.234352912353010367e+00
4.799999999999999822e+00 -2.311821684233243968e+00 -1.364339128689905145e+00 -2.156689860777748919e-13 2.172718705694689901e-13 1.364339128698500714e+00 2.311821684241713637e+00
4.900000000000000355e+00 -2.386025547426165794e+00 -1.434839387555375545e+00 1.134942382673182208e-15 3.377550020962140656e-14 1.434839387555232992e+00 2.386025547426003257e+00
5.000000000000000000e+00 -2.457592928724394277e+00 -1.503180232218294332e+00 -3.372031128524924556e-16 3.430178772987059645e-14 1.503180232217746992e+00 2.457592928723835168e+00
5.099999999999999645e+00 -2.527095628228113622e+00 -1.569835194900650155e+00 5.812386850691828196e-15 1.347296771261128945e-14 1.569835194900820907e+00 2.527095628228297031e+00
5.200000000000000178e+00 -2.594795012504973020e+00 -1.635001927857879789e+00 7.635222825733770539e-15 1.080141827694772737e-14 1.635001927858213522e+00 2.594795012505312748e+00
5.299999999999999822e+00 -2.661016203576298977e+00 -1.698950955228893056e+00 1.042804713179676406e-14 1.098321105131597170e-14 1.698950955228619719e+00 2.661016203576018313e+00
5.400000000000000355e+00 -2.725968891458896870e+00 -1.761851890902437656e+00 9.917450687085397321e-15 1.031289448975612701e-14 1.761851890902303319e+00 2.725968891458755206e+00
5.500000000000000000e+00 -2.789852842446356007e+00 -1.823871589709478602e+00 1.011829907370168141e-14 1.067626491370129943e-14 1.823871589709627372e+00 2.789852842446495895e+00
5.599999999999999645e+00 -2.852732987155983668e+00 -1.885051951292935568e+00 1.014644205570522477e-14 1.065072401691172128e-14 1.885051951292515904e+00 2.852732987155614630e+00
5.700000000000000178e+00 -2.914763717363702433e+00 -1.945524844310231760e+00 1.028593707402506711e-14 1.057758217154799181e-14 1.945524844310538404e+00 2.914763717364008411e+00
5.799999999999999822e+00 -2.976038526399026107e+00 -2.005366448604155138e+00 1.013055096351558735e-14 1.041941701377466369e-14 2.005366448604307017e+00 2.976038526399174877e+00
5.900000000000000355e+00 -3.036636409727189179e+00 -2.064641264949680366e+00 1.055932185005638801e-14 1.155883614951689507e-14 2.064641264949551136e+00 3.036636409727100361e+00
6.000000000000000000e+00 -3.096624736620454676e+00 -2.123404413464851093e+00 1.063264634363530257e-14 1.068840621872663922e-14 2.123404413464887064e+00 3.096624736620409379e+00
6.099999999999999645e+00 -3.156091479962113588e+00 -2.181732713571751692e+00 1.063451461906837980e-14 1.130409950074130532e-14 2.181732713571742810e+00 3.156091479962202850e+00
6.200000000000000178e+00 -3.215021364440791451e+00 -2.239603521071853898e+00 1.104054405294737780e-14 1.176890125180266448e-14 2.239603521071715786e+00 3.215021364440691087e+00
6.299999999999999822e+00 -3.273494558073965166e+00 -2.297088342925475590e+00 1.105400488622566272e-14 1.210932400762364663e-14 2.297088342925415194e+00 3.273494558073900329e+00
6.400000000000000355e+00 -3.331549217538155361e+00 -2.354218610221625152e+00 1.096922726578991390e-14 1.213989151943512023e-14 2.354218610221987529e+00 3.331549217538550156e+00
6.500000000000000000e+00 -3.389219026781701061e+00 -2.411022124242741427e+00 1.036072987746318175e-14 1.111709831904016241e-14 2.411022124242747644e+00 3.389219026781730815e+00
6.599999999999999645e+00 -3.446533868736921580e+00 -2.467523596615049719e+00 1.062100713445539796e-14 1.118251539466259331e-14 2.467523596614722869e+00 3.446533868736578299e+00
6.700000000000000178e+00 -3.503520375127093356e+00 -2.523745092057848805e+00 9.853445472793842433e-15 1.107555958399733780e-14 2.523745092057648076e+00 3.503520375126906394e+00
6.799999999999999822e+00 -3.560202380075948803e+00 -2.579706394167015748e+00 1.072961170629171409e-14 1.122981909522969272e-14 2.579706394167103678e+00 3.560202380076043838e+00
6.900000000000000355e+00 -3.616601297095313861e+00 -2.635425309814383610e+00 9.484235477000831786e-15 1.127238143436515167e-14 2.635425309814114492e+00 3.616601297095043410e+00
7.000000000000000000e+00 -3.672736434517770210e+00 -2.690917924171916997e+00 1.050501619048982460e-14 1.156023274306616587e-14 2.690917924171993825e+00 3.672736434517874127e+00
7.099999999999999645e+00 -3.728625264161445241e+00 -2.746198818739558067e+00 1.071934909960017009e-14 1.149725445723479679e-14 2.746198818739523428e+00 3.728625264161435915e+00
7.200000000000000178e+00 -3.784312568016639844e+00 -2.801309793481836952e+00 1.045547887957822630e-14 1.152823805060685423e-14 2.801309793481703281e+00 3.784312568016481304e+00
7.299999999999999822e+00 -3.839751553289884711e+00 -2.856202533850598524e+00 1.078420840454659554e-14 1.139488175712037288e-14 2.856202533850396019e+00 3.839751553289733721e+00
7.400000000000000355e+00 -3.894988123074060393e+00 -2.910920368176091788e+00 1.088974563352000770e-14 1.149621030265719655e-14 2.910920368176684203e+00 3.894988123074643482e+00
7.500000000000000000e+00 -3.950034267481804306e+00 -2.965473363062119727e+00 1.130287355221464174e-14 1.183118188297756057e-14 2.965473363061565060e+00 3.950034267481264738e+00
7.599999999999999645e+00 -4.004900990423814200e+00 -3.019870773006472220e+00 1.000957163622026721e-14 1.112185396617395671e-14 3.019870773007689468e+00 4.004900990425095841e+00
7.700000000000000178e+00 -4.059598413510475012e+00 -3.074121124858610443e+00 1.047547812185482332e-14 1.117972555006714936e-14 3.074121124858913756e+00 4.059598413510840942e+00
7.799999999999999822e+00 -4.114135866662507190e+00 -3.128232291572357937e+00 1.136786756807289989e-14 1.209003905604072102e-14 3.128232291572275781e+00 4.114135866662501861e+00
7.900000000000000355e+00 -4.168521967410871554e+00 -3.182211556835057742e+00 1.082314256428893628e-14 1.221886410645924197e-14 3.182211556834512844e+00 4.168521967410295126e+00
8.000000000000000000e+00 -4.222764690542750721e+00 -3.236065671902069951e+00 1.168000146022890555e-14 1.175448639695903004e-14 3.236065671901994900e+00 4.222764690542668120e+00
8.099999999999999645e+00 -4.276871429476427622e+00 -3.289800905745694948e+00 1.172666631233208738e-14 1.262662867592868736e-14 3.289800905745074111e+00 4.276871429475826325e+00
8.199999999999999289e+00 -4.330849050507700859e+00 -3.343423089434299111e+00 1.147129541034668316e-14 1.263734935769273435e-14 3.343423089434210294e+00 4.330849050507532105e+00
8.300000000000000711e+00 -4.384703940901157893e+00 -3.396937655524931543e+00 1.091148937569549631e-14 1.268926088464308192e-14 3.396937655524534527e+00 4.384703940900772423e+00
8.400000000000000355e+00 -4.438442051654065246e+00 -3.450349673135408413e+00 8.051143960162568639e-15 1.382827272102930066e-14 3.450349673135558515e+00 4.438442051654242881e+00
8.500000000000000000e+00 -4.492068935604456748e+00 -3.503663879234786727e+00 -7.126906135179806232e-15 2.418146051848215884e-14 3.503663879236372125e+00 4.492068935606110536e+00
8.599999999999999645e+00 -4.545589781507117344e+00 -3.556884706658603790e+00 -1.851709748934669689e-15 4.365595116168051228e-15 3.556884706658726802e+00 4.545589781507337612e+00
8.699999999999999289e+00 -4.599009444547435876e+00 -3.610016309222844999e+00 5.781955975963808677e-16 5.019106538077214115e-15 3.610016309222857434e+00 4.599009444547535352e+00
8.800000000000000711e+00 -4.652332473758447051e+00 -3.663062584318748094e+00 5.513354352340661091e-16 5.690091211113140236e-15 3.663062584318024228e+00 4.652332473757711639e+00
8.900000000000000355e+00 -4.705563136684248526e+00 -3.716027193259004768e+00 6.377938327550593951e-16 6.050486738982032614e-15 3.716027193257872785e+00 4.705563136683090342e+00
9.000000000000000000e+00 -4.758705441640684874e+00 -3.768913579666075098e+00 -1.695444200690765882e-15 5.830049185464013005e-15 3.768913579666352209e+00 4.758705441640997513e+00
9.099999999999999645e+00 -4.811763157821017600e+00 -3.821724986096815879e+00 -1.129998957686922575e-15 5.036081229554606131e-15 3.821724986097096100e+00 4.811763157821372872e+00
9.199999999999999289e+00 -4.864739833512690126e+00 -3.874464469123887422e+00 -1.229155543925021268e-15 5.737620542825601390e-15 3.874464469123859889e+00 4.864739833512829570e+00
9.300000000000000711e+00 -4.917638812628799982e+00 -3.927134913037980457e+00 -7.410451672024180046e-15 1.057517005087217351e-14 3.927134913037109154e+00 4.917638812627766143e+00
9.400000000000000355e+00 -4.970463249729233368e+00 -3.979739042310780572e+00 -2.983758876996384885e-15 3.344581359999379717e-15 3.979739042311006614e+00 4.970463249729438537e+00
9.500000000000000000e+00 -5.023216123697516799e+00 -4.032279432957079024e+00 -7.363055667024230661e-15 7.654489210987285068e-15 4.032279432955498066e+00 5.023216123699112856e+00
9.599999999999999645e+00 -5.075900251570183208e+00 -4.084758524247832590e+00 -2.976678899078616108e-14 3.000271138350975508e-14 4.084758524249510359e+00 5.075900251571829891e+00
9.699999999999999289e+00 -5.128546039353705233e+00 -4.137206231074475937e+00 -1.814140181866741388e-12 1.815056115827869904e-12 4.137206231073962570e+00 5.128546039353255814e+00
9.800000000000000711e+00 -5.181098781860423053e+00 -4.189567801094473687e+00 -5.134658957202438151e-11 5.134594709984094755e-11 4.189567801093827981e+00 5.181098781859754254e+00
9.900000000000000355e+00 -5.233590480650837762e+00 -4.241874773451702829e+00 -1.580742537627193748e-09 1.580743287279506815e-09 4.241874773450132530e+00 5.233590480649120025e+00
1.000000000000000000e+01 -5.285999360456212770e+00 -4.294105232311977716e+00 -5.290194556422862275e-08 5.290194513804031604e-08 4.294105232312596776e+00 5.285999360456836271e+00
