# U/t eqp0 eqp1 eqp2 eqp3 eqp4 eqp5
1.000000000000000056e-01 -9.998437459993740895e-01 -9.861549519105718975e-01 -1.970365601575078257e-02 1.970365691147335507e-02 9.861549489044683092e-01 9.998437459993748666e-01
2.000000000000000111e-01 -9.993749961805116211e-01 -9.861549519105935468e-01 -1.970365601576085438e-02 1.970365691147275139e-02 9.861549489045778882e-01 9.993749961805273863e-01
2.999999999999999889e-01 -9.985937459965369412e-01 -9.861549519106066475e-01 -1.970365601576037906e-02 1.970365691146780396e-02 9.861549489046894656e-01 9.985937459965559260e-01
4.000000000000000222e-01 -9.974999960070636273e-01 -9.861549519106128647e-01 -1.970365601577243192e-02 1.970365691145359310e-02 9.861549489047136685e-01 9.974999960070782823e-01
5.000000000000000000e-01 -9.960937460680777678e-01 -9.861549519105616834e-01 -1.970365601576960085e-02 1.970365691145847808e-02 9.861549489047019001e-01 9.960937460680739930e-01
5.999999999999999778e-01 -9.943749962828757338e-01 -9.861549519105764494e-01 -1.970365601576871267e-02 1.970365691145825604e-02 9.861549489046550487e-01 9.943749962828704048e-01
6.999999999999999556e-01 -9.923437468791223015e-01 -9.861549519106244110e-01 -1.970365601576454934e-02 1.970365691146115303e-02 9.861549489047016781e-01 9.923437468791354021e-01
8.000000000000000444e-01 -9.899999982982249369e-01 -9.861549519105874406e-01 -1.970365601575908843e-02 1.970365691145914422e-02 9.861549489047842787e-01 9.899999982982082836e-01
9.000000000000000222e-01 -9.873437513199059268e-01 -9.861549519106586059e-01 -1.970365601575252770e-02 1.970365691146532677e-02 9.861549489047434225e-01 9.873437513199152527e-01
1.000000000000000000e+00 -9.861549519106910244e-01 -9.843750072283471431e-01 -1.970365601575841188e-02 1.970365691146854295e-02 9.843750072283563579e-01 9.861549489047041206e-01
1.100000000000000089e+00 -9.861549519106865835e-01 -9.810937463422174654e-01 -1.970365601576229420e-02 1.970365691148834308e-02 9.810937463422172433e-01 9.861549489047529704e-01
1.199999999999999956e+00 -9.861549519106840300e-01 -9.774999968276741891e-01 -1.970365601577118639e-02 1.970365691149500789e-02 9.774999968276585349e-01 9.861549489048122563e-01
1.300000000000000044e+00 -9.861549519107620787e-01 -9.735937477860571176e-01 -1.970365601576537506e-02 1.970365691150400764e-02 9.735937477860538980e-01 9.861549489047971573e-01
1.399999999999999911e+00 -9.861549519110426321e-01 -9.693749995723922597e-01 -1.970365601576664835e-02 1.970365691150776852e-02 9.693749995723989210e-01 9.861549489048198058e-01
1.500000000000000000e+00 -9.861549519109942263e-01 -9.648437527489641674e-01 -1.970365601575634409e-02 1.970365691149167375e-02 9.648437527489781562e-01 9.861549489049165063e-01
1.600000000000000089e+00 -9.861549519110730522e-01 -9.600000081777637639e-01 -1.970365601575494244e-02 1.970365691148235482e-02 9.600000081777665395e-01 9.861549489049028505e-01
1.699999999999999956e+00 -9.861549519111032502e-01 -9.548437671433164242e-01 -1.970365601575410283e-02 1.970365691148979331e-02 9.548437671433268603e-01 9.861549489049457051e-01
1.800000000000000044e+00 -9.861549519111660889e-01 -9.493750315128814954e-01 -1.970365601573886849e-02 1.970365691148567855e-02 9.493750315128965944e-01 9.861549489049636907e-01
1.899999999999999911e+00 -9.861549519111056927e-01 -9.435937490553825135e-01 -1.970365601572240943e-02 1.970365691150585685e-02 9.435937490553886198e-01 9.861549489047463091e-01
2.000000000000000000e+00 -9.861549519111507678e-01 -9.375000015239248752e-01 -1.970365601571374622e-02 1.970365691149993798e-02 9.375000015239320916e-01 9.861549489047380934e-01
2.100000000000000089e+00 -9.861549519110905937e-01 -9.310937556080710609e-01 -1.970365601570268563e-02 1.970365691147200546e-02 9.310937556080797206e-01 9.861549489047023442e-01
2.200000000000000178e+00 -9.861549519109068518e-01 -9.243750121969958045e-01 -1.970365601570994718e-02 1.970365691148024540e-02 9.243750121970044642e-01 9.861549489047958250e-01
2.299999999999999822e+00 -9.861549519110106576e-01 -9.173437725906654627e-01 -1.970365601571179293e-02 1.970365691148748960e-02 9.173437725906761209e-01 9.861549489048710981e-01
2.399999999999999911e+00 -9.861549519110133222e-01 -9.100000386571222011e-01 -1.970365601572161840e-02 1.970365691148272605e-02 9.100000386571259758e-01 9.861549489047921613e-01
2.500000000000000000e+00 -9.861549519108743223e-01 -9.023438130387881895e-01 -1.970365601572859546e-02 1.970365691146325204e-02 9.023438130387926304e-01 9.861549489048671013e-01
2.600000000000000089e+00 -9.861549519107932760e-01 -8.943750994200041493e-01 -1.970365601574264325e-02 1.970365691146474391e-02 8.943750994200134752e-01 9.861549489050249750e-01
2.700000000000000178e+00 -9.861549519107722928e-01 -8.860937634647291228e-01 -1.970365601574864886e-02 1.970365691147999213e-02 8.860937634647360062e-01 9.861549489051948392e-01
2.799999999999999822e+00 -9.861549519107851713e-01 -8.775000242685886409e-01 -1.970365601576277992e-02 1.970365691148100867e-02 8.775000242685988550e-01 9.861549489052110484e-01
2.899999999999999911e+00 -9.861549519109052975e-01 -8.685937908645662286e-01 -1.970365601577219253e-02 1.970365691148357259e-02 8.685937908645718908e-01 9.861549489051375517e-01
3.000000000000000000e+00 -9.861549519109454875e-01 -8.593750659742639408e-01 -1.970365601575341588e-02 1.970365691150940610e-02 8.593750659742612763e-01 9.861549489050338568e-01
3.100000000000000089e+00 -9.861549519108706585e-01 -8.498438534357434238e-01 -1.970365601575553918e-02 1.970365691152038690e-02 8.498438534357383167e-01 9.861549489052312545e-01
3.200000000000000178e+00 -9.861549519110972550e-01 -8.400001585995798825e-01 -1.970365601574718128e-02 1.970365691151393372e-02 8.400001585995833242e-01 9.861549489053609285e-01
3.299999999999999822e+00 -9.861549519107973838e-01 -8.298437867568017046e-01 -1.970365601573309186e-02 1.970365691148370096e-02 8.298437867568008164e-01 9.861549489051708584e-01
3.399999999999999911e+00 -9.861549519110616169e-01 -8.193750601152557378e-01 -1.970365601573717193e-02 1.970365691153758841e-02 8.193750601152618440e-01 9.861549489051337769e-01
3.500000000000000000e+00 -9.861549519111872941e-01 -8.085938453754411004e-01 -1.970365601574241773e-02 1.970365691152846724e-02 8.085938453754433208e-01 9.861549489052541251e-01
3.600000000000000089e+00 -9.861549519111584283e-01 -7.975001479669607818e-01 -1.970365601572000164e-02 1.970365691154775042e-02 7.975001479669684423e-01 9.861549489051880668e-01
3.700000000000000178e+00 -9.861549519112257078e-01 -7.860939755307243537e-01 -1.970365601572009531e-02 1.970365691155642404e-02 7.860939755307203569e-01 9.861549489051127937e-01
3.799999999999999822e+00 -9.861549519114924944e-01 -7.743750726265523632e-01 -1.970365601570367789e-02 1.970365691155830101e-02 7.743750726265552498e-01 9.861549489050274175e-01
3.899999999999999911e+00 -9.861549519114679585e-01 -7.623438655826639820e-01 -1.970365601570422953e-02 1.970365691155250704e-02 7.623438655826664245e-01 9.861549489047860551e-01
4.000000000000000000e+00 -9.861549519115344609e-01 -7.500001803027740443e-01 -1.970365601571741690e-02 1.970365691157061408e-02 7.500001803027764868e-01 9.861549489048286876e-01
4.099999999999999645e+00 -9.861549519114567453e-01 -7.373440268020255983e-01 -1.970365601571984898e-02 1.970365691158258714e-02 7.373440268020362565e-01 9.861549489046586014e-01
4.200000000000000178e+00 -9.861549519115530016e-01 -7.243751118658525723e-01 -1.970365601569699227e-02 1.970365691159614574e-02 7.243751118658637855e-01 9.861549489045161598e-01
4.299999999999999822e+00 -9.861549519115770934e-01 -7.110939276622675331e-01 -1.970365601567336186e-02 1.970365691156216945e-02 7.110939276622751937e-01 9.861549489046763650e-01
4.400000000000000355e+00 -9.861549519117668305e-01 -6.975002775975285285e-01 -1.970365601565675709e-02 1.970365691155749263e-02 6.975002775975307490e-01 9.861549489046401717e-01
4.500000000000000000e+00 -9.861549519117128737e-01 -6.835938817983178151e-01 -1.970365601563467753e-02 1.970365691155672935e-02 6.835938817983198135e-01 9.861549489047669592e-01
4.599999999999999645e+00 -9.861549519114859441e-01 -6.693752119946578816e-01 -1.970365601565282968e-02 1.970365691155913715e-02 6.693752119946670964e-01 9.861549489047231054e-01
4.700000000000000178e+00 -9.861549519115762052e-01 -6.548440857613695432e-01 -1.970365601564502689e-02 1.970365691158838459e-02 6.548440857613757604e-01 9.861549489049523665e-01
4.799999999999999822e+00 -9.861549519115718754e-01 -6.400001754633357631e-01 -1.970365601561657048e-02 1.970365691157482946e-02 6.400001754633450890e-01 9.861549489049139527e-01
4.900000000000000355e+00 -9.861549519116913354e-01 -6.248440326810039691e-01 -1.970365601562552860e-02 1.970365691156664503e-02 6.248440326810064116e-01 9.861549489048422323e-01
5.000000000000000000e+00 -9.861549519115900830e-01 -6.093754495473381327e-01 -1.970365601561878746e-02 1.970365691154773308e-02 6.093754495473446831e-01 9.861549489049401540e-01
5.099999999999999645e+00 -9.861549519115588858e-01 -5.935944571152035332e-01 -1.970365601560335536e-02 1.970365691155663221e-02 5.935944571152079741e-01 9.861549489050375206e-01
5.200000000000000178e+00 -9.861549519116037388e-01 -5.775011015599781361e-01 -1.970365601559651361e-02 1.970365691155730181e-02 5.775011015599780251e-01 9.861549489048537787e-01
5.299999999999999822e+00 -9.861549519115534457e-01 -5.610948285568849725e-01 -1.970365601559230170e-02 1.970365691155884225e-02 5.610948285568874150e-01 9.861549489049703521e-01
5.400000000000000355e+00 -9.861549519115301310e-01 -5.443760844155879353e-01 -1.970365601558355523e-02 1.970365691154940535e-02 5.443760844155904888e-01 9.861549489049848960e-01
5.500000000000000000e+00 -9.861549519115759832e-01 -5.273448700125218380e-01 -1.970365601556713780e-02 1.970365691156072963e-02 5.273448700125304978e-01 9.861549489049361572e-01
5.599999999999999645e+00 -9.861549519115143658e-01 -5.100011886304919306e-01 -1.970365601554376761e-02 1.970365691156490684e-02 5.100011886305000353e-01 9.861549489048807571e-01
5.700000000000000178e+00 -9.861549519115565543e-01 -4.923450464890535283e-01 -1.970365601554711910e-02 1.970365691157983934e-02 4.923450464890605227e-01 9.861549489049629136e-01
5.799999999999999822e+00 -9.861549519114859441e-01 -4.743764536857844605e-01 -1.970365601553483378e-02 1.970365691157330984e-02 4.743764536857911773e-01 9.861549489049313832e-01
5.900000000000000355e+00 -9.861549519115111462e-01 -4.560954257772453779e-01 -1.970365601551938434e-02 1.970365691157957566e-02 4.560954257772464326e-01 9.861549489051635309e-01
6.000000000000000000e+00 -9.861549519114487516e-01 -4.375019863477735971e-01 -1.970365601549629170e-02 1.970365691158145263e-02 4.375019863477789261e-01 9.861549489050398520e-01
6.099999999999999645e+00 -9.861549519115379026e-01 -4.185955106732114350e-01 -1.970365601546086518e-02 1.970365691160130481e-02 4.185955106732142106e-01 9.861549489049115103e-01
6.200000000000000178e+00 -9.861549519115860862e-01 -3.993772453249344045e-01 -1.970365601543308878e-02 1.970365691159981641e-02 3.993772453249453958e-01 9.861549489046561590e-01
6.299999999999999822e+00 -9.861549519116235007e-01 -3.798466946562455426e-01 -1.970365601540500361e-02 1.970365691160835819e-02 3.798466946562518154e-01 9.861549489045223771e-01
6.400000000000000355e+00 -9.861549519116321605e-01 -3.600030404795979688e-01 -1.970365601539632305e-02 1.970365691161374971e-02 3.600030404796037420e-01 9.861549489046180783e-01
6.500000000000000000e+00 -9.861549519118577578e-01 -3.398470903685086308e-01 -1.970365601539599693e-02 1.970365691161554689e-02 3.398470903685187894e-01 9.861549489045484673e-01
6.599999999999999645e+00 -9.861549519116843410e-01 -3.193789042109086429e-01 -1.970365601539381811e-02 1.970365691162708627e-02 3.193789042109202447e-01 9.861549489046059769e-01
6.700000000000000178e+00 -9.861549519115485607e-01 -2.985986034832945890e-01 -1.970365601538563716e-02 1.970365691161381910e-02 2.985986034833077452e-01 9.861549489045986494e-01
6.799999999999999822e+00 -9.861549519115820894e-01 -2.775064153627126440e-01 -1.970365601538478714e-02 1.970365691161761815e-02 2.775064153627282426e-01 9.861549489045469130e-01
6.900000000000000355e+00 -9.861549519117642770e-01 -2.561012615399805847e-01 -1.970365601537695660e-02 1.970365691160606489e-02 2.561012615399934078e-01 9.861549489045051686e-01
7.000000000000000000e+00 -9.861549519116870055e-01 -2.343846632647114125e-01 -1.970365601537580474e-02 1.970365691160464935e-02 2.343846632647223205e-01 9.861549489044429961e-01
7.099999999999999645e+00 -9.861549519117900342e-01 -2.123555140086509641e-01 -1.970365601535566114e-02 1.970365691160418792e-02 2.123555140086604009e-01 9.861549489043736072e-01
7.200000000000000178e+00 -9.861549519116826756e-01 -1.900162426921910286e-01 -1.970365601536113592e-02 1.970365691159544144e-02 1.900162426921997438e-01 9.861549489043679451e-01
7.299999999999999822e+00 -9.861549519115510032e-01 -1.673639224367182710e-01 -1.970365601535489092e-02 1.970365691159326263e-02 1.673639224367289013e-01 9.861549489044274530e-01
7.400000000000000355e+00 -9.861549519116259432e-01 -1.444052587869565363e-01 -1.970365601535981753e-02 1.970365691159955274e-02 1.444052587869683324e-01 9.861549489044116878e-01
7.500000000000000000e+00 -9.861549519116276086e-01 -1.211364714877774529e-01 -1.970365601535267394e-02 1.970365691159699228e-02 1.211364714877885829e-01 9.861549489044003636e-01
7.599999999999999645e+00 -9.861549519116912244e-01 -9.756990425091632835e-02 -1.970365601535654237e-02 1.970365691159468857e-02 9.756990425092663954e-02 9.861549489044252326e-01
7.700000000000000178e+00 -9.861549519117580598e-01 -7.371857428700651083e-02 -1.970365601535313538e-02 1.970365691159863333e-02 7.371857428701278359e-02 9.861549489043834882e-01
7.799999999999999822e+00 -9.861549519117399631e-01 -4.965811719232434557e-02 -1.970365601535008226e-02 1.970365691160101337e-02 4.965811719233005628e-02 9.861549489043814898e-01
7.900000000000000355e+00 -9.861549519117029927e-01 -2.591163892330115501e-02 -1.970365601535284394e-02 1.970365691160087113e-02 2.591163892330648755e-02 9.861549489043823780e-01
8.000000000000000000e+00 -9.861549519117016604e-01 -1.970365601535284394e-02 -7.955913874983861628e-03 7.955913874989324272e-03 1.970365691160139848e-02 9.861549489043732741e-01
8.099999999999999645e+00 -9.861549519117061013e-01 -1.970365601535251088e-02 -1.834481650460834069e-03 1.834481650466383016e-03 1.970365691160137073e-02 9.861549489043770489e-01
8.199999999999999289e+00 -9.861549519117057683e-01 -1.970365601535269129e-02 -5.766883064716579526e-04 5.766883064771308968e-04 1.970365691160150604e-02 9.861549489043772709e-01
8.300000000000000711e+00 -9.861549519117056573e-01 -1.970365601535253516e-02 -2.500545923118427361e-04 2.500545923174009528e-04 1.970365691160160318e-02 9.861549489043766048e-01
8.400000000000000355e+00 -9.861549519117057683e-01 -1.970365601535271211e-02 -8.835999855830474069e-05 8.835999856378363439e-05 1.970365691160150604e-02 9.861549489043770489e-01
8.500000000000000000e+00 -9.861549519117063234e-01 -1.970365601535246231e-02 -5.438883901742562607e-05 5.438883902303759204e-05 1.970365691160160318e-02 9.861549489043771599e-01
8.599999999999999645e+00 -9.861549519117056573e-01 -1.970365601535280578e-02 -3.523753850100978319e-05 3.523753850646494642e-05 1.970365691160151297e-02 9.861549489043777150e-01
8.699999999999999289e+00 -9.861549519117059903e-01 -1.970365601535276762e-02 -2.519211402085728225e-05 2.519211402635938466e-05 1.970365691160174890e-02 9.861549489043772709e-01
8.800000000000000711e+00 -9.861549519117062124e-01 -1.970365601535280578e-02 -1.720589828933609581e-05 1.720589829491261176e-05 1.970365691160142971e-02 9.861549489043768268e-01
8.900000000000000355e+00 -9.861549519117066565e-01 -1.970365601535266700e-02 -1.123223936796538206e-05 1.123223937356698713e-05 1.970365691160158236e-02 9.861549489043762717e-01
9.000000000000000000e+00 -9.861549519117056573e-01 -1.970365601535284394e-02 -7.012120225317564671e-06 7.012120230955798827e-06 1.970365691160152338e-02 9.861549489043773820e-01
9.099999999999999645e+00 -9.861549519117058793e-01 -1.970365601535289946e-02 -4.188317078224963164e-06 4.188317083812567619e-06 1.970365691160152338e-02 9.861549489043774930e-01
9.199999999999999289e+00 -9.861549519117061013e-01 -1.970365601535281272e-02 -2.394670525165251721e-06 2.394670530836901327e-06 1.970365691160152338e-02 9.861549489043772709e-01
9.300000000000000711e+00 -9.861549519117061013e-01 -1.970365601535251782e-02 -1.311210976353070696e-06 1.311210981735818115e-06 1.970365691160150950e-02 9.861549489043774930e-01
9.400000000000000355e+00 -9.861549519117058793e-01 -1.970365601535292027e-02 -6.878922089258131688e-07 6.878922145490087840e-07 1.970365691160150950e-02 9.861549489043776040e-01
9.500000000000000000e+00 -9.861549519117055462e-01 -1.970365601535261149e-02 -3.459278652394718966e-07 3.459278706848637553e-07 1.970365691160148869e-02 9.861549489043774930e-01
9.599999999999999645e+00 -9.861549519117051021e-01 -1.970365601535283701e-02 -1.668247087207497443e-07 1.668247141354847279e-07 1.970365691160145399e-02 9.861549489043769379e-01
9.699999999999999289e+00 -9.861549519117065454e-01 -1.970365601535297578e-02 -7.718506740687299501e-08 7.718507297559343325e-08 1.970365691160146787e-02 9.861549489043779371e-01
9.800000000000000711e+00 -9.861549519117063234e-01 -1.970365601535257680e-02 -3.427590024835601904e-08 3.427590564816173588e-08 1.970365691160153726e-02 9.861549489043767158e-01
9.900000000000000355e+00 -9.861549519117054352e-01 -1.970365601535261496e-02 -1.461530783593242904e-08 1.461531348123281329e-08 1.970365691160148522e-02 9.861549489043771599e-01
1.000000000000000000e+01 -9.861549519117055462e-01 -1.970365601535272251e-02 -5.986428316113380572e-09 5.986433800215093375e-09 1.970365691160155461e-02 9.861549489043766048e-01
