# U/t eqp0..eqp5
1.000000000000000056e-01 -9.998437460106458508e-01 -4.119631553760506539e-07 -2.770223911800558776e-07 -2.211915605747066451e-07 1.963768418621283361e-07 9.998437459981434072e-01
2.000000000000000111e-01 -2.067557293214479230e+00 -2.066132380761749765e+00 -9.984693559806470109e-01 9.984693560061095319e-01 2.066132915190659780e+00 2.067556926819325902e+00
2.999999999999999889e-01 -2.673561882241094256e+00 -2.670667105855177859e+00 -9.970187003532707815e-01 9.970187002989141511e-01 2.670667044031221682e+00 2.673561843024481632e+00
4.000000000000000222e-01 -2.879222701209332769e+00 -2.874179526508968685e+00 -9.949026479283717972e-01 9.949026478857398992e-01 2.874179473328094314e+00 2.879222665019545602e+00
5.000000000000000000e-01 -2.951395535539032888e+00 -2.943572001932166060e+00 -9.921403686952606771e-01 9.921403679793160402e-01 2.943571535480927981e+00 2.951395014386678284e+00
5.999999999999999778e-01 -2.981091514598758874e+00 -2.969866420357253567e+00 -9.887490417627610162e-01 9.887490418470309406e-01 2.969866471889681669e+00 2.981091554162649704e+00
6.999999999999999556e-01 -2.995949669524101022e+00 -2.980710112992270400e+00 -9.847405821969489326e-01 9.847405751895680348e-01 2.980707315499683929e+00 2.995946875403631360e+00
8.000000000000000444e-01 -3.005061841114529120e+00 -2.985202321720093366e+00 -9.801240765840693037e-01 9.801240744920641790e-01 2.985201670767936299e+00 3.005061191154642319e+00
9.000000000000000222e-01 -3.011803791939107633e+00 -2.986726108654511158e+00 -9.749076263884217664e-01 9.749076237866995953e-01 2.986725462295475531e+00 3.011803146810384746e+00
1.000000000000000000e+00 -3.017571049693763552e+00 -2.986684566995456702e+00 -9.690991831597071116e-01 9.690991822260340838e-01 2.986684376445993383e+00 3.017570859577489717e+00
1.100000000000000089e+00 -3.022995995922672652e+00 -2.985718087213581118e+00 -9.627069195663666701e-01 9.627069205203203639e-01 2.985718250411875552e+00 3.022996158687052848e+00
1.199999999999999956e+00 -3.028385587588238170e+00 -2.984142121402782344e+00 -9.557393683932551287e-01 9.557393605733395248e-01 2.984140980551158062e+00 3.028384450228801761e+00
1.300000000000000044e+00 -3.033893553215727401e+00 -2.982119366073265887e+00 -9.482054446916204915e-01 9.482054439244292920e-01 2.982119269219884572e+00 3.033893456697094759e+00
1.399999999999999911e+00 -3.039602495598448861e+00 -2.979741851824643017e+00 -9.401144813694756186e-01 9.401144821422892095e-01 2.979741937270291796e+00 3.039602580713224089e+00
1.500000000000000000e+00 -3.045553776216169517e+00 -2.977060770105477427e+00 -9.314761644425240128e-01 9.314761674980820416e-01 2.977061070513578489e+00 3.045554075360906943e+00
1.600000000000000089e+00 -3.051767911590313354e+00 -2.974106833410065320e+00 -9.223005159426695965e-01 9.223005143556207708e-01 2.974106693758891584e+00 3.051767772576766458e+00
1.699999999999999956e+00 -3.058251211339603426e+00 -2.970896849478694257e+00 -9.125978196148682997e-01 9.125978330883662837e-01 2.970897921038262002e+00 3.058252277676733577e+00
1.800000000000000044e+00 -3.065005549174977251e+00 -2.967443467320561190e+00 -9.023786313216215493e-01 9.023786313102852841e-01 2.967443466519431805e+00 3.065005548376856126e+00
1.899999999999999911e+00 -3.072024620865205780e+00 -2.963751354892579126e+00 -8.916536506261417694e-01 8.916536451334603486e-01 2.963750989746463560e+00 3.072024257678239501e+00
2.000000000000000000e+00 -3.079300235484682347e+00 -2.959823457994248841e+00 -8.804337233379142535e-01 8.804337252234387678e-01 2.959823573702244470e+00 3.079300350553620280e+00
2.100000000000000089e+00 -3.086823294642721649e+00 -2.955661949209977379e+00 -8.687298116681964055e-01 8.687298103159640794e-01 2.955661872051285943e+00 3.086823217894762550e+00
2.200000000000000178e+00 -3.094581507189785086e+00 -2.951265856704205603e+00 -8.565528845083412168e-01 8.565528799110366798e-01 2.951265611435991421e+00 3.094581263308491703e+00
2.299999999999999822e+00 -3.102562370935742386e+00 -2.946634061338247790e+00 -8.439139441984273571e-01 8.439139506527342238e-01 2.946634384639451820e+00 3.102562692434619240e+00
2.399999999999999911e+00 -3.110753332659220494e+00 -2.941765382991570643e+00 -8.308239665071935898e-01 8.308239657904532560e-01 2.941765349090446513e+00 3.110753298943689238e+00
2.500000000000000000e+00 -3.119139917327802713e+00 -2.936656682513483663e+00 -8.172938349517787637e-01 8.172938353567924530e-01 2.936656700653521135e+00 3.119139935374669825e+00
2.600000000000000089e+00 -3.127708204130176473e+00 -2.931305319949563781e+00 -8.033343553866654219e-01 8.033343541413606737e-01 2.931305266813662769e+00 3.127708151250537139e+00
2.700000000000000178e+00 -3.136443475925234203e+00 -2.925707764364424257e+00 -7.889561933619283485e-01 7.889561938932613261e-01 2.925707786118681319e+00 3.136443497579946893e+00
2.799999999999999822e+00 -3.145331148218431849e+00 -2.919860516337279499e+00 -7.741698766446973856e-01 7.741698771663249046e-01 2.919860536791131445e+00 3.145331168592417903e+00
2.899999999999999911e+00 -3.154356105778122199e+00 -2.913759408569163600e+00 -7.589857462687988887e-01 7.589857518215773480e-01 2.913759618270965301e+00 3.154356314809318551e+00
3.000000000000000000e+00 -3.163503429986494364e+00 -2.907400330873953997e+00 -7.434139627958992191e-01 7.434139687126201101e-01 2.907400546457068913e+00 3.163503645082687221e+00
3.100000000000000089e+00 -3.172757792229684348e+00 -2.900778603285928181e+00 -7.274644698439097779e-01 7.274644757013025709e-01 2.900778810424199605e+00 3.172757999085348501e+00
3.200000000000000178e+00 -3.182103896168055002e+00 -2.893889410629235659e+00 -7.111469921479873779e-01 7.111469933397708276e-01 2.893889451679579672e+00 3.182103937205392974e+00
3.299999999999999822e+00 -3.191526135236011363e+00 -2.886727454170193941e+00 -6.944710157775699777e-01 6.944710151192351466e-01 2.886727429995294081e+00 3.191526111134823207e+00
3.399999999999999911e+00 -3.201008892345846846e+00 -2.879287246544955270e+00 -6.774457872445509565e-01 6.774457890164337082e-01 2.879287304743335163e+00 3.201008950687550314e+00
3.500000000000000000e+00 -3.210536516485465341e+00 -2.871563087200537101e+00 -6.600803065319437168e-01 6.600803119166795963e-01 2.871563260790896077e+00 3.210536690779314917e+00
3.600000000000000089e+00 -3.220093312789423567e+00 -2.863549053567055136e+00 -6.423833241522055593e-01 6.423833258045466010e-01 2.863549106784439857e+00 3.220093366278494962e+00
3.700000000000000178e+00 -3.229663133082939286e+00 -2.855238590427079171e+00 -6.243633203937769549e-01 6.243633199098208575e-01 2.855238575257993183e+00 3.229663117792126670e+00
3.799999999999999822e+00 -3.239229837310546145e+00 -2.846624988465215278e+00 -6.060285291137815777e-01 6.060285296471952243e-01 2.846625004340031850e+00 3.239229853371846879e+00
3.899999999999999911e+00 -3.248777123439447578e+00 -2.837701209194002150e+00 -5.873869239097015971e-01 5.873869268772295982e-01 2.837701298111989789e+00 3.248777213537332287e+00
4.000000000000000000e+00 -3.258288570107053861e+00 -2.828459941340231598e+00 -5.684462261615423895e-01 5.684462253768004514e-01 2.828459920204466460e+00 3.258288548552792374e+00
4.099999999999999645e+00 -3.267747236789240173e+00 -2.818893218220828167e+00 -5.492138953488177044e-01 5.492138957006147404e-01 2.818893229678620660e+00 3.267747248423797490e+00
4.200000000000000178e+00 -3.277136186416548025e+00 -2.808992945483735681e+00 -5.296971513245333218e-01 5.296971500625055063e-01 2.808992909071936328e+00 3.277136149180416513e+00
4.299999999999999822e+00 -3.286438056336673075e+00 -2.798750493046395338e+00 -5.099029653387551209e-01 5.099029597849464857e-01 2.798750317359929518e+00 3.286437876620847298e+00
4.400000000000000355e+00 -3.295634846421508612e+00 -2.788156506813330271e+00 -4.898380619688916249e-01 4.898380660783274720e-01 2.788156635336653810e+00 3.295634978411610572e+00
4.500000000000000000e+00 -3.304708874266185870e+00 -2.777201859868488665e+00 -4.695089562793517968e-01 4.695089562151625318e-01 2.777201857137999053e+00 3.304708871468462927e+00
4.599999999999999645e+00 -3.313641220703115842e+00 -2.765876154016011945e+00 -4.489219128146502147e-01 4.489219142951712538e-01 2.765876203427948710e+00 3.313641271778925201e+00
4.700000000000000178e+00 -3.322412943537694119e+00 -2.754168929193903104e+00 -4.280829956801395775e-01 4.280829941889331969e-01 2.754168880030858357e+00 3.322412892470221646e+00
4.799999999999999822e+00 -3.331004168543676869e+00 -2.742068802505510661e+00 -4.069980487584292095e-01 4.069980493569517743e-01 2.742068824771349167e+00 3.331004191733000663e+00
4.900000000000000355e+00 -3.339394683489114168e+00 -2.729564070541443677e+00 -3.856727252246616167e-01 3.856727242972253222e-01 2.729564037413573896e+00 3.339394648790996456e+00
5.000000000000000000e+00 -3.347563268009988491e+00 -2.716642094816861253e+00 -3.641124808900955134e-01 3.641124811123164773e-01 2.716642099214627404e+00 3.347563272703423021e+00
5.099999999999999645e+00 -3.355488075138467696e+00 -2.703289697894673438e+00 -3.423225958472546626e-01 3.423225948649379902e-01 2.703289657177772920e+00 3.355488032102578178e+00
5.200000000000000178e+00 -3.363146158350288406e+00 -2.689492748949144030e+00 -3.203081759391753214e-01 3.203081751017801682e-01 2.689492731623661204e+00 3.363146139709612292e+00
5.299999999999999822e+00 -3.370513674402866311e+00 -2.675236395418222557e+00 -2.980741713911607138e-01 2.980741701125868004e-01 2.675236345286996720e+00 3.370513620724102655e+00
5.400000000000000355e+00 -3.377565476832030011e+00 -2.660504721216093049e+00 -2.756253836309031091e-01 2.756253835918729411e-01 2.660504724742296823e+00 3.377565480571596446e+00
5.500000000000000000e+00 -3.384275278106463780e+00 -2.645280945647141113e+00 -2.529664825820053253e-01 2.529664820882915333e-01 2.645280925194724464e+00 3.384275255921128878e+00
5.599999999999999645e+00 -3.390615179617667341e+00 -2.629547036642144064e+00 -2.301020144860769778e-01 2.301020144333298378e-01 2.629547033799089384e+00 3.390615176516052820e+00
5.700000000000000178e+00 -3.396555716363306221e+00 -2.613283810921144035e+00 -2.070364213328566017e-01 2.070364216599735185e-01 2.613283858220431188e+00 3.396555768141647391e+00
5.799999999999999822e+00 -3.402065641472904023e+00 -2.596470797980841461e+00 -1.837740541294691499e-01 1.837740548053439782e-01 2.596470821384529337e+00 3.402065667457974563e+00
5.900000000000000355e+00 -3.407111528372731790e+00 -2.579085947787473909e+00 -1.603191913903248556e-01 1.603191904587455974e-01 2.579085981136324257e+00 3.407111565223651439e+00
6.000000000000000000e+00 -3.411657732729042714e+00 -2.561105680467925971e+00 -1.366760556757520284e-01 1.366760548387820073e-01 2.561105677241390488e+00 3.411657728948219948e+00
6.099999999999999645e+00 -3.415665887901901510e+00 -2.542504511815788071e+00 -1.128488320622605678e-01 1.128488327125403978e-01 2.542504496485257448e+00 3.415665870657731862e+00
6.200000000000000178e+00 -3.419094724765054938e+00 -2.523255016262556438e+00 -8.884170732155537153e-02 8.884170594164601809e-02 2.523255022852256335e+00 3.419094732119948521e+00
6.299999999999999822e+00 -3.421899639527231862e+00 -2.503327535771178614e+00 -6.465886568931475398e-02 6.465887149745852547e-02 2.503327489867416933e+00 3.421899587079445304e+00
6.400000000000000355e+00 -3.424032050289383289e+00 -2.482689758081056741e+00 -4.030455038408212176e-02 4.030454988130553751e-02 2.482689764390325404e+00 3.424032057619831093e+00
6.500000000000000000e+00 -3.389201438233446773e+00 -2.411004867415241559e+00 6.658418500802193484e-04 6.658418809909843984e-04 2.411004865920221896e+00 3.389201436456798167e+00
6.599999999999999645e+00 -3.446519287598412085e+00 -2.467509276371983695e+00 2.907094446119732049e-09 2.907121873000689534e-09 2.467509275583998463e+00 3.446519286665084003e+00
6.700000000000000178e+00 -3.503508220047192978e+00 -2.523733143407811852e+00 1.089274092756033787e-09 1.095688841350201506e-09 2.523733146499451685e+00 3.503508223697523238e+00
6.799999999999999822e+00 -3.560192184888022915e+00 -2.579696365163254956e+00 -8.604940555026315050e-10 -8.601434244327211337e-10 2.579696384746868354e+00 3.560192207939715026e+00
6.900000000000000355e+00 -3.616592783092254404e+00 -2.635416924844334208e+00 -8.778490408070915462e-09 -8.778478397799849676e-09 2.635416926366352719e+00 3.616592784878433164e+00
7.000000000000000000e+00 -3.672729241038186210e+00 -2.690910834449950162e+00 -8.011836787196147531e-09 -8.011732696877024300e-09 2.690910834442276744e+00 3.672729241029217828e+00
7.099999999999999645e+00 -3.728619298646133284e+00 -2.746192930728186266e+00 2.542368235437364507e-08 2.542392435063867087e-08 2.746192948102486042e+00 3.728619318926180259e+00
7.200000000000000178e+00 -3.784278440844879299e+00 -2.801276117551452227e+00 2.235718796068877078e-08 2.235721964295776244e-08 2.801276120144454485e+00 3.784278443863190233e+00
7.299999999999999822e+00 -3.839721564901905193e+00 -2.856172923768996785e+00 2.326657782459461764e-08 2.326663372612988102e-08 2.856172938896593738e+00 3.839721582468968553e+00
7.400000000000000355e+00 -3.894961673870106722e+00 -2.910894238916463372e+00 2.464574797530811960e-08 2.464597523832400884e-08 2.910894254468608722e+00 3.894961691886427158e+00
7.500000000000000000e+00 -3.950010921085392201e+00 -2.965450285491852966e+00 -1.677902316055111967e-08 -1.677885333800407089e-08 2.965450298363847104e+00 3.950010935962322556e+00
7.599999999999999645e+00 -4.004880326198299478e+00 -3.019850335600264835e+00 -1.633191602852641526e-08 -1.633182063038589017e-08 3.019850331233655094e+00 4.004880321162831436e+00
7.700000000000000178e+00 -4.059580077826298705e+00 -3.074102982208092527e+00 -1.779901704935267400e-08 -1.779899664781178884e-08 3.074102985349957962e+00 4.059580081441233723e+00
7.799999999999999822e+00 -4.114119567609288985e+00 -3.128216156702319672e+00 -2.078700091201474024e-08 -2.078697030814211901e-08 3.128216156175346097e+00 4.114119567004265399e+00
7.900000000000000355e+00 -4.168507459847693220e+00 -3.182197188717464265e+00 -3.615119887149973962e-09 -3.614998015558018910e-09 3.182197189447917740e+00 4.168507460684758748e+00
8.000000000000000000e+00 -4.222751940213511190e+00 -3.236053028491378214e+00 7.249998692032915617e-09 7.250066937500765993e-09 3.236053025294654439e+00 4.222751936558453600e+00
8.099999999999999645e+00 -4.276859853827357227e+00 -3.289789432498471999e+00 8.173233209033687135e-09 8.173402851189015884e-09 3.289789432294448090e+00 4.276859853594126903e+00
8.199999999999999289e+00 -4.330838557248677390e+00 -3.343412692161524813e+00 4.920941538140961620e-09 4.920954323619697550e-09 3.343412690073190863e+00 4.330838554869360202e+00
8.300000000000000711e+00 -4.384694247597437311e+00 -3.396928062794897230e+00 1.839415909896501365e-08 1.839435926657064981e-08 3.396928079431529746e+00 4.384694266517793260e+00
8.400000000000000355e+00 -4.438433624499494634e+00 -3.450341315848906021e+00 1.842152692171070267e-08 1.842154994813219880e-08 3.450341314233889456e+00 4.438433622665939104e+00
8.500000000000000000e+00 -4.492061552004267710e+00 -3.503656543849290816e+00 -1.210616423071992167e-08 -1.210610788707627469e-08 3.503656542658506456e+00 4.492061550654599777e+00
8.599999999999999645e+00 -4.545582990914184940e+00 -3.556877965591984214e+00 -9.920154486034077857e-09 -9.920143210382186871e-09 3.556877958521926342e+00 4.545582982914494252e+00
8.699999999999999289e+00 -4.599003318232381510e+00 -3.610010225939987549e+00 -5.899685696516814196e-09 -5.899607484885789440e-09 3.610010227077230738e+00 4.599003319517255939e+00
8.800000000000000711e+00 -4.652326741281744837e+00 -3.663056900827847073e+00 -6.377286600719923577e-09 -6.377222320522267800e-09 3.663056901627508299e+00 4.652326742183849007e+00
8.900000000000000355e+00 -4.705558121050882114e+00 -3.716022210610479881e+00 -5.340044599766310430e-10 -5.339646559432557038e-10 3.716022219148058525e+00 4.705558130665702166e+00
9.000000000000000000e+00 -4.758700895502527395e+00 -3.768909062071013505e+00 -3.115065082689424403e-09 -3.114602005053217198e-09 3.768909061804214033e+00 4.758700895203029191e+00
9.099999999999999645e+00 -4.811759005206107886e+00 -3.821720860932831698e+00 -1.675955460450427721e-10 -1.675421770836106477e-10 3.821720892478052356e+00 4.811759040629419282e+00
9.199999999999999289e+00 -4.864736233290075873e+00 -3.874460881813002189e+00 -4.845945698930008868e-09 -4.845881891544479961e-09 3.874460879286775405e+00 4.864736230457339161e+00
9.300000000000000711e+00 -4.917635476801873295e+00 -3.927131591802203836e+00 1.305266877689864357e-08 1.305285428580410767e-08 3.927131590988803378e+00 4.917635475889547081e+00
9.400000000000000355e+00 -4.970460013675548794e+00 -3.979735829977560257e+00 1.617509655059902874e-08 1.617516985953147279e-08 3.979735816698833251e+00 4.970459998825839776e+00
9.500000000000000000e+00 -5.023213309676098248e+00 -4.032276632776505387e+00 1.827532280037413729e-08 1.827556035308919432e-08 4.032276634877957733e+00 5.023213312023400157e+00
9.599999999999999645e+00 -5.075897673643658514e+00 -4.084755958612940496e+00 2.620692472852475945e-08 2.620702089963550392e-08 4.084755954889070395e+00 5.075897669489819464e+00
9.699999999999999289e+00 -5.128515922824301576e+00 -4.137176262521972347e+00 2.397300614259676012e-08 2.397310241303310261e-08 4.137176248195377326e+00 5.128515906863649221e+00
9.800000000000000711e+00 -5.181070540883421671e+00 -4.189539697945048324e+00 2.618511320351797490e-08 2.618516371710337542e-08 4.189539697815903629e+00 5.181070540739256991e+00
9.900000000000000355e+00 -5.233564332802143504e+00 -4.241848733046571063e+00 2.352396646502228348e-09 2.352517811529111216e-09 4.241848732652667486e+00 5.233564332364656124e+00
1.000000000000000000e+01 -5.285998665962082121e+00 -4.294104490197875990e+00 -7.225250703324359451e-12 -7.222525605332652672e-12 4.294104490150020048e+00 5.285998665908960170e+00
