# U/t E_var/t Z0 Z1 docc max|c| |tangent grad| KKT_phi KKT_psi
1.000000000000000056e-01 -2.050312492001248987e+00 9.998437465358211984e-01 9.998437454595020535e-01 2.468749999030451781e-01 1.554312234475219157e-15 1.895994486168361662e-07 5.368147955518907527e-08 2.690507538982700453e-12
2.000000000000000111e-01 -2.101250023057099181e+00 9.998588037766459324e-01 9.998588039173597064e-01 2.437494309852941687e-01 5.884182030513329664e-15 7.470117801550627897e-07 4.304378879627004245e-07 4.959767663931247128e-08
2.999999999999999889e-01 -2.152812778015839257e+00 9.999134710012019811e-01 9.999134701446462659e-01 2.406228253928798799e-01 4.440892098500626162e-15 4.930036072448963254e-07 1.655809105044828144e-07 1.532628883874065373e-08
4.000000000000000222e-01 -2.205000987885458841e+00 9.999458129855786082e-01 9.999458116322512691e-01 2.374947940032974270e-01 2.220446049250313081e-15 2.891797178886145674e-07 6.987684667003613015e-08 8.943391784088650098e-09
5.000000000000000000e-01 -2.257814990314879200e+00 9.999638392178739066e-01 9.999638465312488123e-01 2.343648155485301143e-01 1.287858708565181587e-14 1.725452758255201267e-06 5.656906548736836959e-07 1.532513942831270626e-08
5.999999999999999778e-01 -2.311255225246492628e+00 9.999741180405958829e-01 9.999741143620656247e-01 2.312323854779341215e-01 2.287059430727822473e-14 8.577790771872555678e-07 3.596528728536671840e-07 1.952318813558395760e-08
6.999999999999999556e-01 -2.365322232698966243e+00 9.999801369878810187e-01 9.999801367145927378e-01 2.280970065931788304e-01 3.330669073875469621e-15 1.107775452275360780e-06 3.300130267899249736e-07 8.978181566254850310e-10
8.000000000000000444e-01 -2.420016652693227410e+00 9.999835954980527131e-01 9.999835953584401693e-01 2.249581763822968428e-01 2.331468351712828735e-15 1.163839309202244104e-06 3.712574707468579982e-07 4.827116865946390334e-10
9.000000000000000222e-01 -2.475339225842182689e+00 9.999853090297392555e-01 9.999853089290537955e-01 2.218153904811890897e-01 4.440892098500626162e-15 1.131913071443503062e-06 2.845924026904055049e-07 1.671808840669752882e-09
1.000000000000000000e+00 -2.531290794187591064e+00 9.999856656617268635e-01 9.999856655516972115e-01 2.186681391120223750e-01 3.885780586188047891e-15 7.237550846493774633e-07 3.012793350493092603e-07 3.115377344986569597e-09
1.100000000000000089e+00 -2.587872302197457675e+00 9.999848284086174655e-01 9.999848286620401927e-01 2.155159075261679491e-01 1.065814103640150279e-14 8.432494490555306827e-07 2.581322665548557715e-07 2.777653457242124091e-08
1.199999999999999956e+00 -2.645084797904780238e+00 9.999828328397790678e-01 9.999828319885126771e-01 2.123581747912925977e-01 7.660538869913580129e-15 1.569781047088717547e-06 8.134150241752985400e-07 5.223274984755832406e-08
1.300000000000000044e+00 -2.702929434182399504e+00 9.999796315248976608e-01 9.999796316979201460e-01 2.091944132999150330e-01 2.886579864025407005e-15 4.408196976125291878e-07 1.285458354760571353e-07 4.974376227595556088e-08
1.399999999999999911e+00 -2.761407470158037558e+00 9.999751251736077595e-01 9.999751255489204294e-01 2.060240880046145806e-01 1.421085471520200372e-14 1.512768920667417770e-06 4.794127672069770085e-07 1.403394011001424246e-07
1.500000000000000000e+00 -2.820520272775944637e+00 9.999691715082321686e-01 9.999691713903384738e-01 2.028466556027131440e-01 1.976196983832778642e-14 1.648711630722919573e-06 8.019109529718362883e-07 5.158299198892990489e-08
1.600000000000000089e+00 -2.880269318504349751e+00 9.999615935458766591e-01 9.999615937505204055e-01 1.996615640572624029e-01 1.776356839400250465e-15 9.403730736080289157e-07 4.018675538652524692e-07 7.263467027840420087e-08
1.699999999999999956e+00 -2.940656195199712997e+00 9.999521860933623385e-01 9.999521851079627988e-01 1.964682513631113570e-01 1.643130076445231680e-14 1.645388013339973174e-06 4.842966536827697510e-07 2.459616449401735849e-08
1.800000000000000044e+00 -3.001682604137122290e+00 9.999407133638928968e-01 9.999407129734199096e-01 1.932661451903854022e-01 4.218847493575594854e-15 5.767957136057475025e-07 1.851333480962225053e-07 2.243965047110663136e-08
1.899999999999999911e+00 -3.063350362202416743e+00 9.999269148645717475e-01 9.999269147987719375e-01 1.900546618451116054e-01 1.709743457922741072e-14 1.575181305322326341e-06 4.396030763541280972e-07 1.588355759418735857e-09
2.000000000000000000e+00 -3.125661404271756538e+00 9.999105014419056303e-01 9.999105014588440810e-01 1.868332047863677792e-01 2.009503674571533338e-14 1.045680486315961441e-06 3.407272569644348437e-07 4.999007230388485823e-08
2.100000000000000089e+00 -3.188617785769433333e+00 9.998911569804249666e-01 9.998911562798535879e-01 1.836011651442271964e-01 1.287858708565181587e-14 2.625625749741875102e-06 9.150028058377973617e-07 2.006371060264688921e-08
2.200000000000000178e+00 -3.252221685429047326e+00 9.998685333047601098e-01 9.998685334723838025e-01 1.803579180138635829e-01 1.021405182655144017e-14 6.797278614565491528e-07 2.484589365914224857e-07 4.908887740739942274e-09
2.299999999999999822e+00 -3.316475408257986590e+00 9.998422560752404653e-01 9.998422561685746945e-01 1.771028252572328654e-01 2.020605904817784904e-14 7.979245460707418763e-07 2.800447936185390674e-07 1.048018505311887338e-09
2.399999999999999911e+00 -3.381381388726460546e+00 9.998119159568927827e-01 9.998119158615542679e-01 1.738352309136432239e-01 2.442490654175344389e-15 6.698832734462967115e-07 3.556346739076732266e-07 1.928509241189146906e-09
2.500000000000000000e+00 -3.446942194182467389e+00 9.997770698837831205e-01 9.997770699600635469e-01 1.705544616094903931e-01 1.021405182655144017e-14 8.617817985300420789e-07 2.380160633169703388e-07 1.042492134284422889e-09
2.600000000000000089e+00 -3.513160528521872550e+00 9.997372393111498834e-01 9.997372388320939773e-01 1.672598251404324166e-01 1.820765760385256726e-14 9.880305386000960887e-07 3.478677680808506256e-07 1.476651068088585816e-08
2.700000000000000178e+00 -3.580039236115040602e+00 9.996919051388631905e-01 9.996919051383506005e-01 1.639506085204207320e-01 3.885780586188047891e-15 2.546941077391150555e-07 8.164006845209903496e-08 3.682054522391453588e-10
2.799999999999999822e+00 -3.647581306014965108e+00 9.996405087485792373e-01 9.996405087448750892e-01 1.606260777304955312e-01 9.769962616701377556e-15 1.927285177727854799e-07 6.356152471020948269e-08 2.206195670595434422e-09
2.899999999999999911e+00 -3.715789876466552677e+00 9.995824455753065108e-01 9.995824462612973305e-01 1.572854746960329342e-01 8.437694987151189707e-15 1.533105271908077070e-06 5.835573196333321278e-07 3.516757288157812411e-09
3.000000000000000000e+00 -3.784668239732164707e+00 9.995170644397689541e-01 9.995170648062928764e-01 1.539280168749315725e-01 2.531308496145356912e-14 1.099845525056757254e-06 5.069212359650604460e-07 2.982638108717239334e-09
3.100000000000000089e+00 -3.854219847261830090e+00 9.994436613473571818e-01 9.994436618019818530e-01 1.505528948214547302e-01 5.329070518200751394e-15 1.331527668215456883e-06 4.329310122896945501e-07 3.742356854963269086e-09
3.200000000000000178e+00 -3.924448315226500394e+00 9.993614783128784707e-01 9.993614782394664164e-01 1.471592703718829775e-01 4.329869796038110508e-15 4.962095163260019236e-07 1.685731885053831647e-07 9.970847481000078005e-10
3.299999999999999822e+00 -3.995357430450523495e+00 9.992696964011775762e-01 9.992696967004772723e-01 1.437462747586470135e-01 2.842170943040400743e-14 2.096629628454192488e-06 9.602834019472455962e-07 5.014825443794279636e-09
3.399999999999999911e+00 -4.066951156767438569e+00 9.991674339670317817e-01 9.991674340390638287e-01 1.403130063151629137e-01 5.773159728050814010e-15 7.978575535447015731e-07 3.220072248288907701e-07 3.900089140529416909e-10
3.500000000000000000e+00 -4.139233641828119481e+00 9.990537387935157776e-01 9.990537389284128711e-01 1.368585280847592900e-01 3.996802888650563546e-15 6.498943662579240869e-07 2.054293724712552560e-07 2.379357821880034862e-09
3.600000000000000089e+00 -4.212209224411410879e+00 9.989275835552787752e-01 9.989275851178319732e-01 1.333818654525467662e-01 1.598721155460225418e-14 1.805624110044861748e-06 6.031151379738697305e-07 8.451132127440530439e-09
3.700000000000000178e+00 -4.285882442265421588e+00 9.987878631236108973e-01 9.987878623699073533e-01 1.298820026076312195e-01 1.598721155460225418e-14 1.317745756935907100e-06 5.280812846626681267e-07 1.698791940452082372e-09
3.799999999999999822e+00 -4.360258040527453360e+00 9.986333780206951838e-01 9.986333786174182992e-01 1.263578809130054270e-01 1.465494392505206633e-14 7.419273882672620574e-07 3.299139738916628817e-07 1.627192755537798519e-09
3.899999999999999911e+00 -4.435340980776382835e+00 9.984628402822428583e-01 9.984628401753784521e-01 1.228083943240095566e-01 4.440892098500626162e-15 1.043946434146579431e-06 3.770112492890165257e-07 2.592414866109393756e-09
4.000000000000000000e+00 -4.511136450767335049e+00 9.982748542488526500e-01 9.982748544046371464e-01 1.192323863542410212e-01 2.464695114667847520e-14 2.511988544605909132e-06 9.361249984369407473e-07 5.743800435276114058e-10
4.099999999999999645e+00 -4.587649874917088866e+00 9.980679141576570546e-01 9.980679142053625608e-01 1.156286461845683622e-01 1.154631945610162802e-14 3.261386960633842318e-07 1.260594727492403422e-07 1.889277956301782524e-09
4.200000000000000178e+00 -4.664886925594858624e+00 9.978403912456130787e-01 9.978403911826951855e-01 1.119959043625717438e-01 1.620925615952728549e-14 6.839865945318901092e-07 2.631694644289472862e-07 1.419661332935362452e-09
4.299999999999999822e+00 -4.742853535315338931e+00 9.975905239659998980e-01 9.975905237088696920e-01 1.083328280878855104e-01 1.598721155460225418e-14 1.896787657508825824e-06 5.450230236743458523e-07 2.366199375325450660e-09
4.400000000000000355e+00 -4.821555909900207659e+00 9.973164054308214510e-01 9.973164052995300288e-01 1.046380161748421550e-01 6.217248937900876626e-15 1.306841549547464263e-06 4.599069396392374554e-07 9.242702714296058275e-10
4.500000000000000000e+00 -4.901000542713236818e+00 9.970159707627996859e-01 9.970159704598767769e-01 1.009099934732873571e-01 6.217248937900876626e-15 1.489730912345007120e-06 5.749040759978063519e-07 1.035216384837056580e-09
4.599999999999999645e+00 -4.981194230078596519e+00 9.966869809402936209e-01 9.966869812076080137e-01 9.714720439524694717e-02 9.992007221626408864e-15 3.506846949621350318e-07 1.181606089778464153e-07 5.462212071538630198e-10
4.700000000000000178e+00 -5.062144087995775088e+00 9.963270083785845666e-01 9.963270082736186417e-01 9.334800654222397132e-02 1.221245327087672194e-14 1.176802933205390933e-06 3.051595686698327370e-07 2.344956395727848530e-09
4.799999999999999822e+00 -5.143857570295308435e+00 9.959334155447387982e-01 9.959334155704515634e-01 8.951066274504784759e-02 2.364775042451583431e-14 8.871559536202396058e-07 3.004261904249183601e-07 1.559351314739387817e-09
4.900000000000000355e+00 -5.226342488385508744e+00 9.955033379179084596e-01 9.955033359290648143e-01 8.563333285545163265e-02 2.220446049250313081e-14 1.129558008880023489e-06 3.861957057413323291e-07 2.013403999079343976e-09
5.000000000000000000e+00 -5.309607032767329926e+00 9.950336544938797045e-01 9.950336541904378773e-01 8.171406450843884950e-02 1.443289932012703503e-14 1.299536763050205402e-06 5.853807465740212823e-07 2.178504099337175148e-09
5.099999999999999645e+00 -5.393659796517201954e+00 9.945209714379334986e-01 9.945209714428538961e-01 7.775078253041642351e-02 2.020605904817784904e-14 1.249497879108610900e-06 5.279877285657708086e-07 1.466046922748986958e-09
5.200000000000000178e+00 -5.478509800967939825e+00 9.939615842394398104e-01 9.939615842885711761e-01 7.374127742762248694e-02 2.953193245502916398e-14 1.333832672274021278e-06 4.211599986744807289e-07 4.458276192664811788e-09
5.299999999999999822e+00 -5.564166523843098844e+00 9.933514479826291987e-01 9.933514479428594557e-01 6.968319246588020044e-02 1.387778780781445676e-14 1.540766868559876727e-06 3.984595466355322912e-07 2.179744690300466914e-09
5.400000000000000355e+00 -5.650639930150730628e+00 9.926861393072505813e-01 9.926861393607649964e-01 6.557400898637980036e-02 7.327471962526033167e-15 8.561226379758206037e-07 2.853722239071210254e-07 9.948324941611019767e-10
5.500000000000000000e+00 -5.737940506178110134e+00 9.919608139303344174e-01 9.919608139256865798e-01 6.141102995089577771e-02 1.199040866595169064e-14 8.040541946269945633e-07 2.813770970944151628e-07 1.075807637418435547e-09
5.599999999999999645e+00 -5.826079296989973955e+00 9.911701572875615263e-01 9.911701573243324459e-01 5.719136132732280386e-02 4.662936703425657470e-15 7.218096124557287643e-07 2.298067743600196167e-07 1.079936057246655423e-09
5.700000000000000178e+00 -5.915067947888646316e+00 9.903083291907718300e-01 9.903083291654176668e-01 5.291189100912059573e-02 1.065814103640150279e-14 1.551346628180492585e-06 5.390888432460494428e-07 3.975641177378363977e-09
5.799999999999999822e+00 -6.004918750384389270e+00 9.893688993147023991e-01 9.893688991856174342e-01 4.856926476924861014e-02 4.996003610813204432e-15 7.942605800697343227e-07 2.711382273423712519e-07 6.263366353342902926e-10
5.900000000000000355e+00 -6.095644693298424066e+00 9.883447733436296900e-01 9.883447731780268253e-01 4.415985879943964965e-02 1.243449787580175325e-14 1.360384392143292200e-06 3.546689443974238021e-07 1.892132256431366955e-09
6.000000000000000000e+00 -6.187259519753013137e+00 9.872281072058916029e-01 9.872281072765831667e-01 3.967974848294565648e-02 6.217248937900876626e-15 9.139844352969830160e-07 2.590325931389747538e-07 2.256310811799000504e-09
6.099999999999999645e+00 -6.279777790915078484e+00 9.860102077011054789e-01 9.860102073322858374e-01 3.512467104122198730e-02 2.531308496145356912e-14 1.322699167692085953e-06 4.459317330257617229e-07 3.659055065885485902e-09
6.200000000000000178e+00 -6.373214957546718296e+00 9.846814154493006566e-01 9.846814155840947214e-01 3.048998600826724817e-02 2.586819647376614739e-14 1.175784303548683753e-06 4.319713054158277887e-07 1.121195414288678194e-09
6.299999999999999822e+00 -6.467587440594599002e+00 9.832309690018924409e-01 9.832309691529632634e-01 2.577062355095193977e-02 2.542410726391608478e-14 9.186730319276503570e-07 3.054922883133359690e-07 4.359913194362796673e-10
6.400000000000000355e+00 -6.562912722320437986e+00 9.816468497399820636e-01 9.816468359632337659e-01 2.096102773935298869e-02 3.094746681142623856e-15 4.579072669036119266e-07 1.458185509561893412e-07 1.006584171570068520e-08
6.500000000000000000e+00 -6.659022765525679510e+00 9.781965604210578480e-01 9.781965809646194776e-01 1.314770522357816551e-02 9.325873406851314940e-15 1.227614651097690430e-06 4.094827920353427686e-07 9.711351958707759024e-09
6.599999999999999645e+00 -6.756437994784821655e+00 9.790100105704220290e-01 9.790100117371164368e-01 1.270403107061044909e-02 8.841690554187460059e-16 2.799912821886357721e-07 1.278703753784804498e-07 2.007528926081803000e-09
6.700000000000000178e+00 -6.853939602442469692e+00 9.797750449174250642e-01 9.797751089263078139e-01 1.228362334522051583e-02 2.042810365310288034e-14 8.902592490691497130e-07 2.402830445724646324e-07 1.251349465714035603e-08
6.799999999999999822e+00 -6.951523107806923285e+00 9.804958068222550116e-01 9.804958360956296248e-01 1.188478548725132450e-02 2.142730437526552123e-14 2.056497172410084262e-06 8.381051534236960698e-07 3.060227345835775381e-09
6.900000000000000355e+00 -7.049184352900584649e+00 9.811758911462568067e-01 9.811758256135884038e-01 1.150598239534626060e-02 5.662137425588298356e-15 1.158752348156441867e-06 3.973920603443301114e-07 5.786455564704695576e-08
7.000000000000000000e+00 -7.146919472077748026e+00 9.818184071034751215e-01 9.818184060718059269e-01 1.114582341008247234e-02 1.332267629550187849e-15 5.506859473078725790e-07 3.002850394590028671e-07 4.684415289696319817e-09
7.099999999999999645e+00 -7.244724865234340783e+00 9.824264538551029657e-01 9.824262848854602437e-01 1.080304035317755651e-02 1.854072451124011423e-14 2.977969479542899461e-06 1.478010112656441555e-06 1.971848115622787390e-07
7.200000000000000178e+00 -7.342597174093205226e+00 9.830024622793068767e-01 9.830021847298111570e-01 1.047648281568665588e-02 2.464695114667847520e-14 2.329286862919572287e-06 8.964595744065384508e-07 1.893800766206155117e-08
7.299999999999999822e+00 -7.440533261131095699e+00 9.835486598057412433e-01 9.835486248995356506e-01 1.016509164859744768e-02 1.532107773982716026e-14 2.335400666381417449e-06 8.303630264286376850e-07 2.981328936502158911e-08
7.400000000000000355e+00 -7.538530190799896502e+00 9.840674473356255669e-01 9.840674250360313957e-01 9.867902344159197245e-03 1.154631945610162802e-14 1.426602871743753970e-06 5.189141931913332506e-07 1.280381672907893176e-08
7.500000000000000000e+00 -7.636585212733319139e+00 9.845606105827691135e-01 9.845606626090591673e-01 9.584027437075235550e-03 1.443289932012703503e-14 2.402300001696177400e-06 7.685077682562102552e-07 8.039375565260797885e-08
7.599999999999999645e+00 -7.734695746688919016e+00 9.850299926462803279e-01 9.850299878810024889e-01 9.312651708837845974e-03 9.214851104388799286e-15 1.632098894282447181e-06 5.834076610700122956e-07 1.001533349309635668e-08
7.700000000000000178e+00 -7.832859369004395944e+00 9.854770823640864874e-01 9.854771093453081887e-01 9.053023655269266251e-03 3.286260152890463360e-14 1.724953678643840012e-06 6.497175596385795782e-07 6.828123400026697709e-08
7.799999999999999822e+00 -7.931073800393125595e+00 9.859034058628843855e-01 9.859034158730006769e-01 8.804449949473977521e-03 2.164934898019055254e-14 1.231113198012488413e-06 4.001149326027242381e-07 1.470777094558783915e-08
7.900000000000000355e+00 -8.029336894909766542e+00 9.863102688657701123e-01 9.863102735014132039e-01 8.566289611668567727e-03 1.443289932012703503e-14 2.620867721316563192e-06 1.235911563771119326e-06 1.869820565048030403e-08
8.000000000000000000e+00 -8.127646629959304647e+00 9.866988731709850358e-01 9.866989498142446635e-01 8.337948389898514057e-03 1.998401444325281773e-14 1.664100869691375563e-06 5.764074419711828767e-07 1.899181618914003167e-07
8.099999999999999645e+00 -8.226001097226957270e+00 9.870704213971392971e-01 9.870704212315584147e-01 8.118879141309326072e-03 2.420286193682841258e-14 1.047414780502772031e-06 5.127731409204638879e-07 2.662879217130154075e-08
8.199999999999999289e+00 -8.324398494429205542e+00 9.874258648277552952e-01 9.874258650555809425e-01 7.908568619836030961e-03 6.439293542825907934e-15 2.523292734756053300e-06 1.241929141011441362e-06 1.068277485916091507e-08
8.300000000000000711e+00 -8.422837117794522044e+00 9.877661362147057700e-01 9.877662356737350047e-01 7.706542943074793858e-03 2.042810365310288034e-14 2.189819785622586016e-06 9.839701980776660584e-07 4.765509661885936055e-08
8.400000000000000355e+00 -8.521315355202247588e+00 9.880923083318833289e-01 9.880923087507693658e-01 7.512356813570047684e-03 1.554312234475219157e-15 6.183711262194800598e-07 1.965812097548536030e-07 6.673239599797042843e-09
8.500000000000000000e+00 -8.619831679899778720e+00 9.884049868507397418e-01 9.884050293002262233e-01 7.325601383196623032e-03 2.220446049250313081e-14 2.077657625271982224e-06 1.182590765084166884e-06 4.746407553102294230e-08
8.599999999999999645e+00 -8.718384644758328861e+00 9.887050235245417040e-01 9.887050261902333714e-01 7.145893058160216610e-03 1.254552017826426891e-14 6.692577861239401516e-07 2.780012512276774927e-07 6.143833553018396287e-09
8.699999999999999289e+00 -8.816972876988502961e+00 9.889930746092552294e-01 9.889931101230794441e-01 6.972870388751641058e-03 8.992806499463767977e-15 2.053772287055678107e-06 6.854978942816281062e-07 1.852016093262243146e-08
8.800000000000000711e+00 -8.915595073295140338e+00 9.892698901019749691e-01 9.892697909076323404e-01 6.806198826577799545e-03 1.143529715363911237e-14 1.410581670782911169e-06 5.899188952815381803e-07 2.924999850661968992e-08
8.900000000000000355e+00 -9.014249995411489635e+00 9.895359118393662889e-01 9.895359101187043427e-01 6.645561544164619097e-03 1.054711873393898713e-14 1.872364159741481172e-06 8.157623993185203481e-07 2.003634863578795944e-08
9.000000000000000000e+00 -9.112936465985118417e+00 9.897918543746497821e-01 9.897918124555922237e-01 6.490665943614791836e-03 2.653433028854124132e-14 4.758010258191347029e-06 2.213568919412489677e-06 1.884337358371013238e-08
9.099999999999999645e+00 -9.211653364784156750e+00 9.900381595001460644e-01 9.900381329244832829e-01 6.341234685333520249e-03 2.198241588757809950e-14 3.170369883275178855e-06 2.074176022694163013e-06 2.871202169031292217e-08
9.199999999999999289e+00 -9.310399625183325867e+00 9.902753629805753910e-01 9.902753396670788133e-01 6.197007517387965840e-03 1.543210004228967591e-14 1.010162383209611329e-06 4.533768596381992921e-07 2.134505890094562375e-08
9.300000000000000711e+00 -9.409174230921980353e+00 9.905038938238936996e-01 9.905038760766345929e-01 6.057741586247535927e-03 2.797762022055394482e-14 2.320566376505794994e-06 9.766729927029871305e-07 3.573694076774991402e-08
9.400000000000000355e+00 -9.507976213096508644e+00 9.907241695488261390e-01 9.907241962761448306e-01 5.923206917890113180e-03 5.995204332975845318e-15 1.682591923290057772e-06 6.290759866703354852e-07 2.448871960769594125e-08
9.500000000000000000e+00 -9.606804647368626604e+00 9.909366634331704393e-01 9.909366906118107776e-01 5.793185786116727444e-03 1.088018564132653410e-14 2.639424484973475451e-06 9.164245296927608919e-07 3.484554422783503469e-08
9.599999999999999645e+00 -9.705658651379653890e+00 9.911417229501146009e-01 9.911417066813200671e-01 5.667476124304354421e-03 1.432187701766451937e-14 3.217837705775121763e-06 1.395150474644418770e-06 2.286576472609880284e-08
9.699999999999999289e+00 -9.804537382341399265e+00 9.913396322707248576e-01 9.913396866996440071e-01 5.545885290489974487e-03 1.509903313490212895e-14 3.034720219973730553e-06 8.614774864856844516e-07 1.250799736007834895e-08
9.800000000000000711e+00 -9.903440034796627600e+00 9.915308459840144195e-01 9.915308398777321619e-01 5.428232037706246828e-03 2.486899575160350651e-14 2.694718775789148233e-06 1.052556122919934278e-06 1.997333254344368925e-08
9.900000000000000355e+00 -1.000236583853518724e+01 9.917155983921605023e-01 9.917156010754129003e-01 5.314344094541326516e-03 8.215650382226158399e-15 1.616343743600038621e-06 9.690129852690798629e-07 2.419770284145528194e-08
1.000000000000000000e+01 -1.010131405664665749e+01 9.918941757645750590e-01 9.918941757585689745e-01 5.204061917612617244e-03 5.107025913275720086e-15 6.551223079246135519e-07 3.005998414737538760e-07 2.283282167503397631e-09
