# U/t eqp0..eqp5 (eigenvalues of H_qp of gga_dimer.py started from the direct-minimization solutions)
1.000000000000000056e-01 -9.998437460009254041e-01 -3.963155089584141290e-07 -3.099219250976859871e-07 -1.988280887993020189e-07 1.771309854007357325e-07 9.998437460005046296e-01
2.000000000000000111e-01 -2.067502582561525859e+00 -2.066113065630725831e+00 -9.984693409882602344e-01 9.984693411928338147e-01 2.066113357339362189e+00 2.067502839253823943e+00
2.999999999999999889e-01 -2.673561881828646403e+00 -2.670667106041916039e+00 -9.970187005956238080e-01 9.970187005280926051e-01 2.670667044205038199e+00 2.673561842638129793e+00
4.000000000000000222e-01 -2.879222701177046595e+00 -2.874179526524164974e+00 -9.949026479121821920e-01 9.949026478464025880e-01 2.874179473322092448e+00 2.879222665031602624e+00
5.000000000000000000e-01 -2.951395535620227051e+00 -2.943572001892925449e+00 -9.921403683912771720e-01 9.921403675375379816e-01 2.943571535301817921e+00 2.951395014745534784e+00
5.999999999999999778e-01 -2.981091514620600069e+00 -2.969866420346860103e+00 -9.887490418566161621e-01 9.887490419611976167e-01 2.969866471898650939e+00 2.981091554144816413e+00
6.999999999999999556e-01 -2.995949667789198578e+00 -2.980710113867595101e+00 -9.847405830091729984e-01 9.847405742408700258e-01 2.980707314581346079e+00 2.995946877223316651e+00
8.000000000000000444e-01 -3.005061840577003984e+00 -2.985202321992951990e+00 -9.801240768840320250e-01 9.801240742596788458e-01 2.985201670492705350e+00 3.005061191697556922e+00
9.000000000000000222e-01 -3.011803791275201814e+00 -2.986726108992954209e+00 -9.749076266997096507e-01 9.749076234367503035e-01 2.986725461946041715e+00 3.011803147495589972e+00
1.000000000000000000e+00 -3.017571049450205045e+00 -2.986684567120344358e+00 -9.690991832856028498e-01 9.690991821148264851e-01 2.986684376321578682e+00 3.017570859820335460e+00
1.100000000000000089e+00 -3.022995996186452761e+00 -2.985718087077683158e+00 -9.627069194390757145e-01 9.627069206367629972e-01 2.985718250535166263e+00 3.022996158447909476e+00
1.199999999999999956e+00 -3.028385585511858658e+00 -2.984142122479188863e+00 -9.557393693928455392e-01 9.557393595598413505e-01 2.984140979460809806e+00 3.028384452332265386e+00
1.300000000000000044e+00 -3.033893553019470168e+00 -2.982119366175539188e+00 -9.482054447743273329e-01 9.482054438091179760e-01 2.982119269106248804e+00 3.033893456914764641e+00
1.399999999999999911e+00 -3.039602495849787811e+00 -2.979741851692270238e+00 -9.401144812079658131e-01 9.401144821811364682e-01 2.979741937359407622e+00 3.039602580542717369e+00
1.500000000000000000e+00 -3.045553777058360279e+00 -2.977060769660405004e+00 -9.314761640605093707e-01 9.314761679164054176e-01 2.977061070966400269e+00 3.045554074504867259e+00
1.600000000000000089e+00 -3.051767911139691591e+00 -2.974106833650126624e+00 -9.223005161577559896e-01 9.223005141537763407e-01 2.974106693523838718e+00 3.051767773018188912e+00
1.699999999999999956e+00 -3.058251215151659874e+00 -2.970896847434902899e+00 -9.125978179645979349e-01 9.125978350057176725e-01 2.970897923127721718e+00 3.058252273787919417e+00
1.800000000000000044e+00 -3.065005549065102031e+00 -2.967443467384057953e+00 -9.023786315766655353e-01 9.023786315623153476e-01 2.967443466579364308e+00 3.065005548273560532e+00
1.899999999999999911e+00 -3.072024504333122241e+00 -2.963751238641266106e+00 -8.916536491449670310e-01 8.916536466378617298e-01 2.963751106591596685e+00 3.072024374792380552e+00
2.000000000000000000e+00 -3.079300236022644910e+00 -2.959823457700604177e+00 -8.804337231879997283e-01 8.804337255835216203e-01 2.959823574032858229e+00 3.079300349957332372e+00
2.100000000000000089e+00 -3.086823639983404810e+00 -2.955662301684418569e+00 -8.687298180398375091e-01 8.687297954379781251e-01 2.955661281648269245e+00 3.086822642591317223e+00
2.200000000000000178e+00 -3.094581505755254369e+00 -2.951265857508135859e+00 -8.565528851333648053e-01 8.565528792731870178e-01 2.951265610629193237e+00 3.094581264747561899e+00
2.299999999999999822e+00 -3.102562997293640823e+00 -2.946634700654361172e+00 -8.439139594568061398e-01 8.439139352294757757e-01 2.946633743017796458e+00 3.102562063940158321e+00
2.399999999999999911e+00 -3.110753332431248186e+00 -2.941765383121552890e+00 -8.308239665954967323e-01 8.308239656787509420e-01 2.941765348953663040e+00 3.110753299182488441e+00
2.500000000000000000e+00 -3.119139917462014022e+00 -2.936656682436089127e+00 -8.172938348972914602e-01 8.172938354165735220e-01 2.936656700732189318e+00 3.119139935238552930e+00
2.600000000000000089e+00 -3.127708203828005740e+00 -2.931305320117583602e+00 -8.033343552955999334e-01 8.033343536959489661e-01 2.931305266485663363e+00 3.127708151798732850e+00
2.700000000000000178e+00 -3.136443476095253757e+00 -2.925707764265116140e+00 -7.889561933158216744e-01 7.889561939993551265e-01 2.925707786237934815e+00 3.136443497379203471e+00
2.799999999999999822e+00 -3.145331142706796257e+00 -2.919860509907156398e+00 -7.741698760102584398e-01 7.741698769413307701e-01 2.919860538485928192e+00 3.145331170351974404e+00
2.899999999999999911e+00 -3.154356107827049449e+00 -2.913759407334748808e+00 -7.589857454517129343e-01 7.589857526298350310e-01 2.913759619499663778e+00 3.154356312769790005e+00
3.000000000000000000e+00 -3.163503613549795812e+00 -2.907400517672269480e+00 -7.434139687098638705e-01 7.434139634597299873e-01 2.907400368071594077e+00 3.163503469227888054e+00
3.100000000000000089e+00 -3.172757794506857909e+00 -2.900778601883104102e+00 -7.274644689768118289e-01 7.274644765856800310e-01 2.900778811833249815e+00 3.172757996799173696e+00
3.200000000000000178e+00 -3.182103896647566543e+00 -2.893889410330350298e+00 -7.111469919669226591e-01 7.111469935189708158e-01 2.893889451976895621e+00 3.182103936728435389e+00
3.299999999999999822e+00 -3.191526199180688916e+00 -2.886727521151896791e+00 -6.944710185031072180e-01 6.944710125555042524e-01 2.886727365806741386e+00 3.191526049832483558e+00
3.399999999999999911e+00 -3.201008893115974807e+00 -2.879287246052828486e+00 -6.774457869523092812e-01 6.774457892724577990e-01 2.879287305218351634e+00 3.201008949942274917e+00
3.500000000000000000e+00 -3.210536518858547961e+00 -2.871563085668094484e+00 -6.600803057000389495e-01 6.600803127708407825e-01 2.871563262334270838e+00 3.210536688390511983e+00
3.600000000000000089e+00 -3.220093313811144498e+00 -2.863549052883331392e+00 -6.423833234949274384e-01 6.423833256722345508e-01 2.863549107092256740e+00 3.220093365783713413e+00
3.700000000000000178e+00 -3.229663107743807604e+00 -2.855238564450366390e+00 -6.243633194684682364e-01 6.243633210099646114e-01 2.855238602006471282e+00 3.229663143728966013e+00
3.799999999999999822e+00 -3.239229830472360128e+00 -2.846624980869935762e+00 -6.060285287044467895e-01 6.060285299053173036e-01 2.846625009305608689e+00 3.239229857707032423e+00
3.899999999999999911e+00 -3.248777124940676941e+00 -2.837701208175201995e+00 -5.873869234300500564e-01 5.873869273643778088e-01 2.837701299135497734e+00 3.248777212029450467e+00
4.000000000000000000e+00 -3.258288540821547397e+00 -2.828459910134656141e+00 -5.684462235687824938e-01 5.684462227126140244e-01 2.828459889663795579e+00 3.258288521233602353e+00
4.099999999999999645e+00 -3.267747236978502556e+00 -2.818893218089914221e+00 -5.492138953062748463e-01 5.492138957812701117e-01 2.818893229830127023e+00 3.267747248207443000e+00
4.200000000000000178e+00 -3.277136178206272898e+00 -2.808992939148273749e+00 -5.296971522005516908e-01 5.296971530035285980e-01 2.808992957549599101e+00 3.277136195813751485e+00
4.299999999999999822e+00 -3.286438052866258452e+00 -2.798750495528181226e+00 -5.099029663498406695e-01 5.099029588230354904e-01 2.798750314900518621e+00 3.286437880064627670e+00
4.400000000000000355e+00 -3.295634849036574554e+00 -2.788156504924175216e+00 -4.898380613065483891e-01 4.898380668820382922e-01 2.788156637296038465e+00 3.295634975712081971e+00
4.500000000000000000e+00 -3.304708864163649285e+00 -2.777201849280822810e+00 -4.695089557213382170e-01 4.695089564610576693e-01 2.777201866222509974e+00 3.304708880385188507e+00
4.599999999999999645e+00 -3.313641221789501934e+00 -2.765876153209435806e+00 -4.489219125528089438e-01 4.489219145952169088e-01 2.765876204252633030e+00 3.313641270672162076e+00
4.700000000000000178e+00 -3.322412942392302337e+00 -2.754168930057372844e+00 -4.280829959608053459e-01 4.280829939056899902e-01 2.754168879166262407e+00 3.322412893616804475e+00
4.799999999999999822e+00 -3.331004198780134207e+00 -2.742068833027893060e+00 -4.069980497483117188e-01 4.069980482344969785e-01 2.742068793256310144e+00 3.331004160636001910e+00
4.900000000000000355e+00 -3.339394651780989154e+00 -2.729564039248496332e+00 -3.856727244548124323e-01 3.856727256844382778e-01 2.729564072982391565e+00 3.339394684165358118e+00
5.000000000000000000e+00 -3.347563268108191270e+00 -2.716642094743316527e+00 -3.641124809124471340e-01 3.641124811905625536e-01 2.716642099346256778e+00 3.347563272540552859e+00
5.099999999999999645e+00 -3.355488054214128546e+00 -2.703289678165103016e+00 -3.423225953902452323e-01 3.423225953599869364e-01 2.703289677235351185e+00 3.355488053319441555e+00
5.200000000000000178e+00 -3.363146149439286692e+00 -2.689492740706868279e+00 -3.203081755077320514e-01 3.203081754695604744e-01 2.689492739027237622e+00 3.363146147821013621e+00
5.299999999999999822e+00 -3.370513672925625315e+00 -2.675236396631256230e+00 -2.980741716701138522e-01 2.980741698631126368e-01 2.675236344089809037e+00 3.370513622185511426e+00
5.400000000000000355e+00 -3.377565476916309706e+00 -2.660504721147766372e+00 -2.756253836321000406e-01 2.756253836241202015e-01 2.660504724827942979e+00 3.377565480470853920e+00
5.500000000000000000e+00 -3.384275271591700385e+00 -2.645280939687530086e+00 -2.529664820287028659e-01 2.529664814313127286e-01 2.645280922988891614e+00 3.384275255397776405e+00
5.599999999999999645e+00 -3.390615179522375122e+00 -2.629547036724091846e+00 -2.301020145032273700e-01 2.301020144240734089e-01 2.629547033722615446e+00 3.390615176605586978e+00
5.700000000000000178e+00 -3.396555717913799732e+00 -2.613283809572144900e+00 -2.070364211284366207e-01 2.070364218572021686e-01 2.613283859562022027e+00 3.396555766599903770e+00
5.799999999999999822e+00 -3.402065642326781436e+00 -2.596470797227359295e+00 -1.837740540190719862e-01 1.837740548897839055e-01 2.596470822107943555e+00 3.402065666640119446e+00
5.900000000000000355e+00 -3.407111529492235835e+00 -2.579085946783217231e+00 -1.603191912741374625e-01 1.603191905723736488e-01 2.579085982137289790e+00 3.407111564108119328e+00
6.000000000000000000e+00 -3.411657732641795615e+00 -2.561105680528664053e+00 -1.366760555441464131e-01 1.366760546791462860e-01 2.561105677014133608e+00 3.411657729176995169e+00
6.099999999999999645e+00 -3.415665887339078388e+00 -2.542504512351171364e+00 -1.128488321670654965e-01 1.128488327347969417e-01 2.542504495989671209e+00 3.415665871208427351e+00
6.200000000000000178e+00 -3.419094727274982315e+00 -2.523255018301275410e+00 -8.884170656846453185e-02 8.884170642260275086e-02 2.523255018587508669e+00 3.419094727557373758e+00
6.299999999999999822e+00 -3.421899617572551122e+00 -2.503327517211095365e+00 -6.465886865543789275e-02 6.465886882182188267e-02 2.503327509313113541e+00 3.421899609722305335e+00
6.400000000000000355e+00 -3.424032050238504432e+00 -2.482689758173927341e+00 -4.030455084441479652e-02 4.030455035607333203e-02 2.482689764992568104e+00 3.424032057045143684e+00
6.500000000000000000e+00 -3.425439167974106525e+00 -2.461306709709405904e+00 -1.578309860543948909e-02 1.578309863838443794e-02 2.461306709743854348e+00 3.425439168008608259e+00
6.599999999999999645e+00 -3.446519287295684464e+00 -2.467509276152894948e+00 2.907104513416677845e-09 2.907111449651750294e-09 2.467509276086911285e+00 3.446519287229741213e+00
6.700000000000000178e+00 -3.503508219973844540e+00 -2.523733143168168880e+00 3.513673510099095594e-04 3.513673512285633762e-04 2.523733143150939551e+00 3.503508219956651626e+00
6.799999999999999822e+00 -3.560192204513258574e+00 -2.579696382497035145e+00 3.748763306337679841e-04 3.748763306470337398e-04 2.579696382567738588e+00 3.560192204583889630e+00
6.900000000000000355e+00 -3.616592752759520302e+00 -2.635416896239783036e+00 -8.778487171340085073e-09 -8.778482841464538476e-09 2.635416896353919292e+00 3.616592752873570404e+00
7.000000000000000000e+00 -3.672729225967636513e+00 -2.690910820550229676e+00 -8.011824690951839786e-09 -8.011744741513308635e-09 2.690910820549463178e+00 3.672729225966824274e+00
7.099999999999999645e+00 -3.728619158261553324e+00 -2.746192797453376411e+00 4.450985939614682252e-04 4.450985940096771664e-04 2.746192797833000299e+00 3.728619158640847253e+00
7.200000000000000178e+00 -3.784278445955893577e+00 -2.801276122028721005e+00 4.686388705201237131e-04 4.686388706174327012e-04 2.801276122146759029e+00 3.784278446073876090e+00
7.299999999999999822e+00 -3.839721556939364344e+00 -2.856172915313539562e+00 4.919599250000942451e-04 4.919599250695801118e-04 2.856172915395047696e+00 3.839721557020912002e+00
7.400000000000000355e+00 -3.894961695533762480e+00 -2.910894258385944511e+00 5.154167974578992891e-04 5.154167975295769789e-04 2.910894257743161795e+00 3.894961694891529991e+00
7.500000000000000000e+00 -3.950010923574227117e+00 -2.965450287295155363e+00 5.390608608584200904e-04 5.390608608590229068e-04 2.965450287413638364e+00 3.950010923692584885e+00
7.599999999999999645e+00 -4.004880326261466728e+00 -3.019850335784713735e+00 5.618580444718996193e-04 5.618580444819443187e-04 3.019850335975591271e+00 4.004880326452036954e+00
7.700000000000000178e+00 -4.059580082809378432e+00 -3.074102986786527492e+00 5.856301304274914681e-04 5.856301304767700831e-04 3.074102985764261220e+00 4.059580081787914629e+00
7.799999999999999822e+00 -4.114119571122354380e+00 -3.128216159995049317e+00 6.092157353978497943e-04 6.092157354143374736e-04 3.128216160006793700e+00 4.114119571134029485e+00
7.900000000000000355e+00 -4.168507441742289821e+00 -3.182197171210453313e+00 6.321022154383015845e-04 6.321022154899102585e-04 3.182197171140287661e+00 4.168507441672081093e+00
8.000000000000000000e+00 -4.222751737143227935e+00 -3.236052838246682661e+00 6.552335149032525964e-04 6.552335149483390353e-04 3.236052838230504936e+00 4.222751737126982263e+00
8.099999999999999645e+00 -4.276859848404148678e+00 -3.289789427391137444e+00 6.784442434725837263e-04 6.784442434804027755e-04 3.289789427335805261e+00 4.276859848348911086e+00
8.199999999999999289e+00 -4.330838664917253666e+00 -3.343412792279517376e+00 4.920945715975481367e-09 4.920949455582074798e-09 3.343412792172626880e+00 4.330838664810525707e+00
8.300000000000000711e+00 -4.384694633854369528e+00 -3.396928424610698105e+00 7.248794414986737709e-04 7.248794415111380843e-04 3.396928424459964013e+00 4.384694633703652755e+00
8.400000000000000355e+00 -4.438433682741136366e+00 -3.450341370025081122e+00 1.842152863425515694e-08 1.842154762062827230e-08 3.450341369946914316e+00 4.438433682663052160e+00
8.500000000000000000e+00 -4.492061410493560558e+00 -3.503656411030126705e+00 7.718497019468806286e-04 7.718497019549487191e-04 3.503656410637270735e+00 4.492061410100967045e+00
8.599999999999999645e+00 -4.545582996596281511e+00 -3.556877971120368187e+00 7.949544408638532962e-04 7.949544408800690576e-04 3.556877971039368092e+00 4.545582996515275198e+00
8.699999999999999289e+00 -4.599003315145382409e+00 -3.610010222763663457e+00 8.184651065561106059e-04 8.184651066662773644e-04 3.610010222799628021e+00 4.599003315181352747e+00
8.800000000000000711e+00 -4.652326935013790354e+00 -3.663057082954717991e+00 8.418625953008351814e-04 8.418625953181877288e-04 3.663057082930825104e+00 4.652326934989908125e+00
8.900000000000000355e+00 -4.705558123194360398e+00 -3.716022212378045531e+00 -5.340017727405201370e-10 -5.339689530027523162e-10 3.716022212740050623e+00 4.705558123556313532e+00
9.000000000000000000e+00 -4.758700896497002120e+00 -3.768909063029391771e+00 8.885209244152479733e-04 8.885209244327008093e-04 3.768909063050162711e+00 4.758700896517718881e+00
9.099999999999999645e+00 -4.811759032861485430e+00 -3.821720886096090286e+00 9.118325955579100698e-04 9.118325955852490949e-04 3.821720886070012480e+00 4.811759032835619898e+00
9.199999999999999289e+00 -4.864736084772256497e+00 -3.874460742275563696e+00 9.350938087197102448e-04 9.350938087564486523e-04 3.874460742204067554e+00 4.864736084700801655e+00
9.300000000000000711e+00 -4.917635398465725061e+00 -3.927131518126905974e+00 9.585904312831964886e-04 9.585904312916504466e-04 3.927131518151303791e+00 4.917635398490473264e+00
9.400000000000000355e+00 -4.970460128960921153e+00 -3.979735938543426776e+00 1.617510175799283724e-08 1.617516454111536182e-08 3.979735938044544952e+00 4.970460128462277360e+00
9.500000000000000000e+00 -5.023213288715010272e+00 -4.032276612896988688e+00 1.827532436491475121e-08 1.827555851099282425e-08 4.032276612973506147e+00 5.023213288791363418e+00
9.599999999999999645e+00 -5.075897658841021176e+00 -4.084755944714542508e+00 1.028187829139263175e-03 1.028187829178240026e-03 4.084755944790952498e+00 5.075897658917387645e+00
9.699999999999999289e+00 -5.128515923898090634e+00 -4.137176263876458648e+00 2.397300425531383260e-08 2.397310220477007115e-08 4.137176263374084506e+00 5.128515923395786658e+00
9.800000000000000711e+00 -5.181070603418784337e+00 -4.189539756831017314e+00 1.074572820609631663e-03 1.074572820976314258e-03 4.189539756412828275e+00 5.181070603000769381e+00
9.900000000000000355e+00 -5.233564099228571465e+00 -4.241848512142468941e+00 1.097829539355758659e-03 1.097829539361772078e-03 4.241848512120125037e+00 5.233564099206438058e+00
1.000000000000000000e+01 -5.285998673544519022e+00 -4.294104497288348199e+00 -7.225371775840354265e-12 -7.224452638154328022e-12 4.294104497283562694e+00 5.285998673539652692e+00
