# U branch E_direct E_seed(1 iter)-E_direct dR(1 iter) seed max|Dqp-Dnew| seed drho converged iters E_gga-E_direct final max|Dqp-Dnew|
  0.1 backward -2.05031249 -1.984e-09 3.139e-06 9.722e-01 4.509e-05 True 2 -2.001e-09 9.721e-01
  0.2 backward -2.10125002 -2.070e-09 1.554e-06 1.404e-11 1.198e-08 True 2 -3.055e-09 3.124e-12
  0.3 backward -2.15281278  2.017e-09 1.111e-07 4.703e-12 2.861e-09 True 1  2.017e-09 4.703e-12
  0.4 backward -2.20500099  2.048e-09 2.349e-08 3.509e-12 1.550e-09 True 1  2.048e-09 3.509e-12
  0.5 backward -2.25781499 -8.394e-10 5.818e-08 9.032e-12 2.591e-09 True 1 -8.394e-10 9.032e-12
  0.6 backward -2.31125523  4.965e-09 2.005e-08 1.295e-11 3.269e-09 True 1  4.965e-09 1.295e-11
  0.7 backward -2.36532223 -2.794e-09 2.101e-08 1.507e-12 1.494e-10 True 1 -2.794e-09 1.507e-12
  0.8 backward -2.42001665 -2.623e-09 5.496e-09 6.874e-13 8.029e-11 True 1 -2.623e-09 6.874e-13
  0.9 backward -2.47533923  4.129e-09 6.111e-09 4.670e-12 4.767e-10 True 1  4.129e-09 4.670e-12
  1.0 backward -2.53129079 -4.173e-09 3.770e-09 3.323e-11 1.622e-09 True 1 -4.173e-09 3.323e-11
  1.1 backward -2.58787230 -2.196e-09 4.157e-09 6.748e-10 1.452e-08 True 1 -2.196e-09 6.748e-10
  1.2 backward -2.64508480  2.094e-09 2.014e-08 1.984e-09 2.757e-08 True 1  2.094e-09 1.984e-09
  1.3 backward -2.70292943 -4.205e-09 4.631e-09 2.576e-09 2.644e-08 True 1 -4.205e-09 2.576e-09
  1.4 backward -2.76140747 -2.435e-10 3.752e-08 9.220e-09 7.506e-08 True 1 -2.435e-10 9.220e-09
  1.5 backward -2.82052027 -2.746e-09 1.696e-08 4.117e-09 2.789e-08 True 1 -2.746e-09 4.117e-09
  1.6 backward -2.88026932  1.505e-09 2.186e-08 6.831e-09 3.960e-08 True 1  1.505e-09 6.831e-09
  1.7 backward -2.94065620  5.038e-09 3.483e-08 2.681e-09 1.373e-08 True 1  5.038e-09 2.681e-09
  1.8 backward -3.00168260 -3.718e-09 1.080e-08 2.752e-09 1.229e-08 True 1 -3.718e-09 2.752e-09
  1.9 forward  -3.06335036 -2.227e-09 2.657e-09 2.395e-09 9.764e-09 True 1 -2.227e-09 2.395e-09
  2.0 backward -3.12566140 -4.083e-09 1.040e-08 7.667e-09 2.851e-08 True 1 -4.083e-09 7.667e-09
  2.1 forward  -3.18861779  4.245e-09 2.270e-08 1.324e-08 4.522e-08 True 1  4.245e-09 1.324e-08
  2.2 backward -3.25222169  4.559e-09 5.779e-09 9.056e-10 2.854e-09 True 1  4.559e-09 9.056e-10
  2.3 forward  -3.31647541  1.767e-09 2.466e-08 3.741e-09 1.110e-08 True 1  1.767e-09 3.741e-09
  2.4 backward -3.38138139  1.254e-09 1.864e-09 4.205e-10 1.168e-09 True 1  1.254e-09 4.205e-10
  2.5 backward -3.44694219 -4.178e-09 6.312e-09 1.770e-10 4.487e-10 True 1 -4.178e-09 1.770e-10
  2.6 backward -3.51316053  1.022e-09 9.210e-09 3.730e-09 9.214e-09 True 1  1.022e-09 3.730e-09
  2.7 backward -3.58003924  3.935e-09 3.662e-09 9.589e-11 2.248e-10 True 1  3.935e-09 9.589e-11
  2.8 forward  -3.64758131  3.985e-09 8.602e-10 6.046e-11 1.353e-10 True 1  3.985e-09 6.046e-11
  2.9 backward -3.71578988  3.528e-09 2.037e-08 1.485e-10 5.788e-10 True 1  3.528e-09 1.485e-10
  3.0 forward  -3.78466824  3.055e-10 4.914e-09 4.141e-10 8.517e-10 True 1  3.055e-10 4.141e-10
  3.1 backward -3.85421985  2.753e-09 1.964e-08 2.420e-10 6.140e-10 True 1  2.753e-09 2.420e-10
  3.2 backward -3.92444832  4.772e-09 5.001e-09 7.676e-11 1.634e-10 True 1  4.772e-09 7.676e-11
  3.3 forward  -3.99535743 -4.578e-10 5.854e-09 5.194e-11 2.097e-10 True 1 -4.578e-10 5.194e-11
  3.4 backward -4.06695116  3.202e-09 2.217e-09 1.641e-10 2.846e-10 True 1  3.202e-09 1.641e-10
  3.5 backward -4.13923364 -1.810e-09 7.014e-09 1.066e-09 1.787e-09 True 1 -1.810e-09 1.066e-09
  3.6 backward -4.21220922 -5.076e-09 6.048e-09 3.983e-09 6.503e-09 True 1 -5.076e-09 3.983e-09
  3.7 forward  -4.28588244 -2.315e-09 1.853e-09 3.755e-10 5.935e-10 True 1 -2.315e-09 3.755e-10
  3.8 forward  -4.36025804 -3.996e-10 1.790e-09 4.306e-10 6.630e-10 True 1 -3.996e-10 4.306e-10
  3.9 backward -4.43534098 -7.703e-10 1.124e-08 4.102e-10 6.130e-10 True 1 -7.703e-10 4.102e-10
  4.0 forward  -4.51113645  4.624e-10 2.461e-09 1.691e-09 2.419e-09 True 1  4.624e-10 1.691e-09
  4.1 backward -4.58764987 -4.884e-09 5.256e-10 1.190e-09 1.678e-09 True 1 -4.884e-09 1.190e-09
  4.2 forward  -4.66488693  3.408e-09 1.978e-09 2.307e-10 3.331e-10 True 1  3.408e-09 2.307e-10
  4.3 backward -4.74285354  4.732e-09 8.641e-09 9.257e-11 3.984e-10 True 1  4.732e-09 9.257e-11
  4.4 backward -4.82155591  2.360e-10 6.652e-09 7.033e-10 9.176e-10 True 1  2.360e-10 7.033e-10
  4.5 forward  -4.90100054 -2.706e-09 8.754e-10 1.704e-11 2.425e-11 True 1 -2.706e-09 1.704e-11
  4.6 backward -4.98119423 -4.051e-11 2.707e-09 4.741e-10 5.874e-10 True 1 -4.051e-11 4.741e-10
  4.7 backward -5.06214409  2.001e-09 7.530e-09 2.427e-10 3.907e-10 True 1  2.001e-09 2.427e-10
  4.8 forward  -5.14385757 -2.454e-10 2.168e-09 7.993e-10 9.602e-10 True 1 -2.454e-10 7.993e-10
  4.9 forward  -5.22634249  1.589e-09 1.928e-09 3.281e-10 3.846e-10 True 1  1.589e-09 3.281e-10
  5.0 backward -5.30960703 -2.661e-09 7.480e-09 2.636e-10 3.641e-10 True 1 -2.661e-09 2.636e-10
  5.1 forward  -5.39365980  3.472e-09 5.966e-11 1.270e-10 1.465e-10 True 1  3.472e-09 1.270e-10
  5.2 forward  -5.47850980 -9.599e-10 1.891e-10 2.598e-10 2.958e-10 True 1 -9.599e-10 2.598e-10
  5.3 backward -5.56416652 -3.811e-09 5.936e-09 8.408e-10 9.493e-10 True 1 -3.811e-09 8.408e-10
  5.4 backward -5.65063993 -1.125e-10 2.753e-09 2.119e-11 1.690e-10 True 1 -1.125e-10 2.119e-11
  5.5 forward  -5.73794051  4.156e-09 1.372e-09 9.262e-10 1.009e-09 True 1  4.156e-09 9.262e-10
  5.6 backward -5.82607930  3.019e-09 2.786e-09 9.290e-12 1.835e-10 True 1  3.019e-09 9.290e-12
  5.7 backward -5.91506795  2.103e-09 1.045e-08 6.204e-10 6.830e-10 True 1  2.103e-09 6.204e-10
  5.8 backward -6.00491875 -4.122e-10 2.442e-09 1.575e-09 1.664e-09 True 1 -4.122e-10 1.575e-09
  5.9 backward -6.09564469 -3.301e-09 4.632e-09 3.091e-10 3.196e-10 True 1 -3.301e-09 3.091e-10
  6.0 backward -6.18725952 -1.040e-10 2.566e-09 7.817e-09 8.097e-09 True 1 -1.040e-10 7.817e-09
  6.1 backward -6.27977779 -7.513e-10 3.648e-09 1.577e-08 1.615e-08 True 1 -7.513e-10 1.577e-08
  6.2 forward  -6.37321496  2.454e-09 1.984e-10 6.953e-11 7.044e-11 True 1  2.454e-09 6.953e-11
  6.3 forward  -6.46758744 -6.016e-10 6.274e-10 4.564e-10 4.638e-10 True 1 -6.016e-10 4.564e-10
  6.4 backward -6.56291272 -2.368e-10 1.702e-08 6.426e-08 6.463e-08 True 1 -2.368e-10 6.426e-08
  6.5 forward  -6.65920945  2.335e-10 1.321e-11 1.086e-10 1.090e-10 True 1  2.335e-10 1.086e-10
  6.6 backward -6.75643799 -4.799e-09 1.434e-07 1.231e-01 1.231e-01 True 2 -4.785e-09 4.647e-01
  6.7 forward  -6.85393960 -2.301e-09 1.218e-08 4.652e-02 4.652e-02 True 2 -2.433e-09 4.886e-02
  6.8 forward  -6.95152311  2.244e-09 1.489e-07 3.264e-01 3.264e-01 True 2  2.196e-09 4.961e-01
  6.9 backward -7.04918435 -2.059e-09 1.520e-07 1.188e-01 1.188e-01 True 2 -2.857e-09 4.783e-01
  7.0 backward -7.14691947 -1.830e-09 2.480e-08 4.177e-02 4.177e-02 True 2 -2.061e-09 4.367e-02
  7.1 forward  -7.24472487  4.839e-09 2.834e-08 4.982e-01 4.982e-01 True 2  4.767e-09 4.982e-01
  7.2 forward  -7.34259717 -4.305e-09 3.826e-08 4.266e-01 4.266e-01 True 2 -4.110e-09 4.568e-01
  7.3 forward  -7.44053326 -1.123e-09 1.808e-07 3.864e-01 3.864e-01 True 2 -1.150e-09 4.884e-01
  7.4 forward  -7.53853019 -7.484e-10 4.640e-08 1.174e-01 1.174e-01 True 2 -7.971e-10 1.481e-01
  7.5 forward  -7.63658521 -2.834e-09 7.344e-09 4.982e-01 4.982e-01 True 2 -2.739e-09 2.771e-03
  7.6 forward  -7.73469575  3.145e-09 1.715e-07 2.852e-01 2.852e-01 True 2  3.307e-09 4.944e-01
  7.7 forward  -7.83285937  8.538e-10 5.556e-08 2.326e-01 2.326e-01 True 2  9.934e-10 3.070e-01
  7.8 forward  -7.93107380 -3.826e-10 3.566e-08 4.982e-01 4.982e-01 True 2 -3.936e-10 4.982e-01
  7.9 forward  -8.02933689 -5.043e-09 3.224e-07 3.348e-01 3.348e-01 True 2 -4.952e-09 4.970e-01
  8.0 forward  -8.12764663 -3.978e-11 1.522e-07 4.805e-01 4.805e-01 True 2  3.794e-11 4.981e-01
  8.1 forward  -8.22600110  2.749e-09 1.325e-07 3.333e-01 3.333e-01 True 2  2.770e-09 4.958e-01
  8.2 backward -8.32439849 -5.282e-09 9.533e-08 1.458e-01 1.458e-01 True 2 -4.484e-09 4.228e-01
  8.3 forward  -8.42283712  2.090e-09 2.264e-07 8.336e-02 8.336e-02 True 2  2.197e-09 3.614e-01
  8.4 backward -8.52131536  4.407e-09 1.391e-07 4.354e-01 4.354e-01 True 2  4.772e-09 4.883e-01
  8.5 forward  -8.61983168  1.974e-10 2.855e-07 1.054e-01 1.054e-01 True 2  1.036e-10 4.692e-01
  8.6 forward  -8.71838464 -4.902e-09 2.234e-07 2.470e-01 2.470e-01 True 2 -4.761e-09 4.960e-01
  8.7 forward  -8.81697288  2.760e-09 1.034e-07 3.513e-01 3.513e-01 True 2  2.996e-09 4.404e-01
  8.8 forward  -8.91559507 -3.359e-09 2.040e-07 3.349e-01 3.349e-01 True 2 -3.299e-09 4.969e-01
  8.9 backward -9.01425000  4.603e-09 1.321e-07 3.617e-01 3.617e-01 True 2  4.589e-09 4.840e-01
  9.0 forward  -9.11293647  4.020e-09 3.442e-08 4.978e-01 4.978e-01 True 2  4.014e-09 4.982e-01
  9.1 forward  -9.21165336 -4.704e-09 3.372e-07 2.134e-01 2.134e-01 True 2 -4.781e-09 4.949e-01
  9.2 forward  -9.31039963  4.906e-09 1.782e-07 4.538e-01 4.538e-01 True 2  4.821e-09 4.980e-01
  9.3 forward  -9.40917423 -1.006e-09 1.240e-07 3.836e-01 3.836e-01 True 2 -9.260e-10 4.976e-01
  9.4 backward -9.50797621 -3.730e-09 2.460e-07 4.385e-01 4.385e-01 True 2 -3.130e-09 4.884e-01
  9.5 backward -9.60680465  2.788e-09 2.859e-07 4.806e-01 4.806e-01 True 2  2.637e-09 4.885e-01
  9.6 forward  -9.70565865 -1.406e-09 6.092e-08 4.981e-01 4.981e-01 True 2 -1.382e-09 4.982e-01
  9.7 backward -9.80453738 -2.379e-09 1.498e-07 4.854e-01 4.854e-01 True 2 -2.344e-09 4.886e-01
  9.8 forward  -9.90344003 -5.070e-09 2.179e-07 4.970e-01 4.970e-01 True 2 -4.808e-09 4.982e-01
  9.9 forward  -10.00236584  1.404e-09 2.151e-07 1.072e-01 1.072e-01 True 2  1.461e-09 4.941e-01
 10.0 backward -10.10131406  3.339e-09 3.562e-08 5.532e-02 5.532e-02 True 2  3.352e-09 4.836e-01
