# U/t eqp0..eqp5 (lowest-energy solution)
1.000000000000000056e-01 -9.998437460106458508e-01 -4.119631553760506539e-07 -2.770223911800558776e-07 -2.211915605747066451e-07 1.963768418621283361e-07 9.998437459981434072e-01
2.000000000000000111e-01 -2.067557293214479230e+00 -2.066132380761749765e+00 -9.984693559806470109e-01 9.984693560061095319e-01 2.066132915190659780e+00 2.067556926819325902e+00
2.999999999999999889e-01 -2.673561882241094256e+00 -2.670667105855177859e+00 -9.970187003532707815e-01 9.970187002989141511e-01 2.670667044031221682e+00 2.673561843024481632e+00
4.000000000000000222e-01 -2.879222701209332769e+00 -2.874179526508968685e+00 -9.949026479283717972e-01 9.949026478857398992e-01 2.874179473328094314e+00 2.879222665019545602e+00
5.000000000000000000e-01 -2.951395535539032888e+00 -2.943572001932166060e+00 -9.921403686952606771e-01 9.921403679793160402e-01 2.943571535480927981e+00 2.951395014386678284e+00
5.999999999999999778e-01 -2.981091514598758874e+00 -2.969866420357253567e+00 -9.887490417627610162e-01 9.887490418470309406e-01 2.969866471889681669e+00 2.981091554162649704e+00
6.999999999999999556e-01 -2.995949669524101022e+00 -2.980710112992270400e+00 -9.847405821969489326e-01 9.847405751895680348e-01 2.980707315499683929e+00 2.995946875403631360e+00
8.000000000000000444e-01 -3.005061841114529120e+00 -2.985202321720093366e+00 -9.801240765840693037e-01 9.801240744920641790e-01 2.985201670767936299e+00 3.005061191154642319e+00
9.000000000000000222e-01 -3.011803791939107633e+00 -2.986726108654511158e+00 -9.749076263884217664e-01 9.749076237866995953e-01 2.986725462295475531e+00 3.011803146810384746e+00
1.000000000000000000e+00 -3.017571049693763552e+00 -2.986684566995456702e+00 -9.690991831597071116e-01 9.690991822260340838e-01 2.986684376445993383e+00 3.017570859577489717e+00
1.100000000000000089e+00 -3.022995995922672652e+00 -2.985718087213581118e+00 -9.627069195663666701e-01 9.627069205203203639e-01 2.985718250411875552e+00 3.022996158687052848e+00
1.199999999999999956e+00 -3.028385587588238170e+00 -2.984142121402782344e+00 -9.557393683932551287e-01 9.557393605733395248e-01 2.984140980551158062e+00 3.028384450228801761e+00
1.300000000000000044e+00 -3.033893553215727401e+00 -2.982119366073265887e+00 -9.482054446916204915e-01 9.482054439244292920e-01 2.982119269219884572e+00 3.033893456697094759e+00
1.399999999999999911e+00 -3.039602495598448861e+00 -2.979741851824643017e+00 -9.401144813694756186e-01 9.401144821422892095e-01 2.979741937270291796e+00 3.039602580713224089e+00
1.500000000000000000e+00 -3.045553776216169517e+00 -2.977060770105477427e+00 -9.314761644425240128e-01 9.314761674980820416e-01 2.977061070513578489e+00 3.045554075360906943e+00
1.600000000000000089e+00 -3.051767911590313354e+00 -2.974106833410065320e+00 -9.223005159426695965e-01 9.223005143556207708e-01 2.974106693758891584e+00 3.051767772576766458e+00
1.699999999999999956e+00 -3.058251211339603426e+00 -2.970896849478694257e+00 -9.125978196148682997e-01 9.125978330883662837e-01 2.970897921038262002e+00 3.058252277676733577e+00
1.800000000000000044e+00 -3.065005549174977251e+00 -2.967443467320561190e+00 -9.023786313216215493e-01 9.023786313102852841e-01 2.967443466519431805e+00 3.065005548376856126e+00
1.899999999999999911e+00 -3.072024504898879016e+00 -2.963751238332709370e+00 -8.916536488992395926e-01 8.916536469227642758e-01 2.963751106920182288e+00 3.072024374190363005e+00
2.000000000000000000e+00 -3.079300235484682347e+00 -2.959823457994248841e+00 -8.804337233379142535e-01 8.804337252234387678e-01 2.959823573702244470e+00 3.079300350553620280e+00
2.100000000000000089e+00 -3.086823645415412987e+00 -2.955662298667468324e+00 -8.687298156180377484e-01 8.687297978548714772e-01 2.955661284674456990e+00 3.086822637141500625e+00
2.200000000000000178e+00 -3.094581507189785086e+00 -2.951265856704205603e+00 -8.565528845083412168e-01 8.565528799110366798e-01 2.951265611435991421e+00 3.094581263308491703e+00
2.299999999999999822e+00 -3.102563003435494071e+00 -2.946634697179471019e+00 -8.439139567771812844e-01 8.439139378045931172e-01 2.946633746393535702e+00 3.102562057976639753e+00
2.399999999999999911e+00 -3.110753332659220494e+00 -2.941765382991570643e+00 -8.308239665071935898e-01 8.308239657904532560e-01 2.941765349090446513e+00 3.110753298943689238e+00
2.500000000000000000e+00 -3.119139917327802713e+00 -2.936656682513483663e+00 -8.172938349517787637e-01 8.172938353567924530e-01 2.936656700653521135e+00 3.119139935374669825e+00
2.600000000000000089e+00 -3.127708204130176473e+00 -2.931305319949563781e+00 -8.033343553866654219e-01 8.033343541413606737e-01 2.931305266813662769e+00 3.127708151250537139e+00
2.700000000000000178e+00 -3.136443475925234203e+00 -2.925707764364424257e+00 -7.889561933619283485e-01 7.889561938932613261e-01 2.925707786118681319e+00 3.136443497579946893e+00
2.799999999999999822e+00 -3.145331142447795436e+00 -2.919860510061494274e+00 -7.741698761149302666e-01 7.741698768366198635e-01 2.919860538331532585e+00 3.145331170611088467e+00
2.899999999999999911e+00 -3.154356105778122199e+00 -2.913759408569163600e+00 -7.589857462687988887e-01 7.589857518215773480e-01 2.913759618270965301e+00 3.154356314809318551e+00
3.000000000000000000e+00 -3.163503615063210983e+00 -2.907400516748619879e+00 -7.434139681027507329e-01 7.434139640513280911e-01 2.907400369016761132e+00 3.163503467673780545e+00
3.100000000000000089e+00 -3.172757792229684348e+00 -2.900778603285928181e+00 -7.274644698439097779e-01 7.274644757013025709e-01 2.900778810424199605e+00 3.172757999085348501e+00
3.200000000000000178e+00 -3.182103896168055002e+00 -2.893889410629235659e+00 -7.111469921479873779e-01 7.111469933397708276e-01 2.893889451679579672e+00 3.182103937205392974e+00
3.299999999999999822e+00 -3.191526201037132360e+00 -2.886727519980366807e+00 -6.944710178223723052e-01 6.944710132675939729e-01 2.886727367013677714e+00 3.191526047917633946e+00
3.399999999999999911e+00 -3.201008892345846846e+00 -2.879287246544955270e+00 -6.774457872445509565e-01 6.774457890164337082e-01 2.879287304743335163e+00 3.201008950687550314e+00
3.500000000000000000e+00 -3.210536516485465341e+00 -2.871563087200537101e+00 -6.600803065319437168e-01 6.600803119166795963e-01 2.871563260790896077e+00 3.210536690779314917e+00
3.600000000000000089e+00 -3.220093312789423567e+00 -2.863549053567055136e+00 -6.423833241522055593e-01 6.423833258045466010e-01 2.863549106784439857e+00 3.220093366278494962e+00
3.700000000000000178e+00 -3.229663107132579203e+00 -2.855238564854441385e+00 -6.243633196987590228e-01 6.243633208648085020e-01 2.855238601675429866e+00 3.229663144228303917e+00
3.799999999999999822e+00 -3.239229830124175979e+00 -2.846624981102343632e+00 -6.060285287585684966e-01 6.060285296655798515e-01 2.846625008940790735e+00 3.239229858249936811e+00
3.899999999999999911e+00 -3.248777123439447578e+00 -2.837701209194002150e+00 -5.873869239097015971e-01 5.873869268772295982e-01 2.837701298111989789e+00 3.248777213537332287e+00
4.000000000000000000e+00 -3.258288541680512740e+00 -2.828459909511630066e+00 -5.684462227282279789e-01 5.684462220881225658e-01 2.828459889515873904e+00 3.258288521401400573e+00
4.099999999999999645e+00 -3.267747236789240173e+00 -2.818893218220828167e+00 -5.492138953488177044e-01 5.492138957006147404e-01 2.818893229678620660e+00 3.267747248423797490e+00
4.200000000000000178e+00 -3.277136177582889776e+00 -2.808992939623823570e+00 -5.296971528349343483e-01 5.296971534345349397e-01 2.808992957538276602e+00 3.277136195880616221e+00
4.299999999999999822e+00 -3.286438056336673075e+00 -2.798750493046395338e+00 -5.099029653387551209e-01 5.099029597849464857e-01 2.798750317359929518e+00 3.286437876620847298e+00
4.400000000000000355e+00 -3.295634846421508612e+00 -2.788156506813330271e+00 -4.898380619688916249e-01 4.898380660783274720e-01 2.788156635336653810e+00 3.295634978411610572e+00
4.500000000000000000e+00 -3.304708863809707520e+00 -2.777201849540557266e+00 -4.695089558122877982e-01 4.695089563608177974e-01 2.777201865955052362e+00 3.304708880749631650e+00
4.599999999999999645e+00 -3.313641220703115842e+00 -2.765876154016011945e+00 -4.489219128146502147e-01 4.489219142951712538e-01 2.765876203427948710e+00 3.313641271778925201e+00
4.700000000000000178e+00 -3.322412943537694119e+00 -2.754168929193903104e+00 -4.280829956801395775e-01 4.280829941889331969e-01 2.754168880030858357e+00 3.322412892470221646e+00
4.799999999999999822e+00 -3.331004199705970059e+00 -2.742068832317576810e+00 -4.069980495091845007e-01 4.069980484286464528e-01 2.742068793951464745e+00 3.331004159723093050e+00
4.900000000000000355e+00 -3.339394651032413730e+00 -2.729564039836066325e+00 -3.856727246301187018e-01 3.856727254969001817e-01 2.729564072320131096e+00 3.339394685029454024e+00
5.000000000000000000e+00 -3.347563268009988491e+00 -2.716642094816861253e+00 -3.641124808900955134e-01 3.641124811123164773e-01 2.716642099214627404e+00 3.347563272703423021e+00
5.099999999999999645e+00 -3.355488054237051099e+00 -2.703289678147509978e+00 -3.423225953900340124e-01 3.423225953694236656e-01 2.703289677255650947e+00 3.355488053294825246e+00
5.200000000000000178e+00 -3.363146149495375603e+00 -2.689492740662418946e+00 -3.203081754925182767e-01 3.203081754707886031e-01 2.689492739052193659e+00 3.363146147791253426e+00
5.299999999999999822e+00 -3.370513674402866311e+00 -2.675236395418222557e+00 -2.980741713911607138e-01 2.980741701125868004e-01 2.675236345286996720e+00 3.370513620724102655e+00
5.400000000000000355e+00 -3.377565476832030011e+00 -2.660504721216093049e+00 -2.756253836309031091e-01 2.756253835918729411e-01 2.660504724742296823e+00 3.377565480571596446e+00
5.500000000000000000e+00 -3.384275272121014755e+00 -2.645280939216849259e+00 -2.529664818126577952e-01 2.529664813728847994e-01 2.645280923374173643e+00 3.384275254913512221e+00
5.599999999999999645e+00 -3.390615179617667341e+00 -2.629547036642144064e+00 -2.301020144860769778e-01 2.301020144333298378e-01 2.629547033799089384e+00 3.390615176516052820e+00
5.700000000000000178e+00 -3.396555716363306221e+00 -2.613283810921144035e+00 -2.070364213328566017e-01 2.070364216599735185e-01 2.613283858220431188e+00 3.396555768141647391e+00
5.799999999999999822e+00 -3.402065641472904023e+00 -2.596470797980841461e+00 -1.837740541294691499e-01 1.837740548053439782e-01 2.596470821384529337e+00 3.402065667457974563e+00
5.900000000000000355e+00 -3.407111528372731790e+00 -2.579085947787473909e+00 -1.603191913903248556e-01 1.603191904587455974e-01 2.579085981136324257e+00 3.407111565223651439e+00
6.000000000000000000e+00 -3.411657732729042714e+00 -2.561105680467925971e+00 -1.366760556757520284e-01 1.366760548387820073e-01 2.561105677241390488e+00 3.411657728948219948e+00
6.099999999999999645e+00 -3.415665887901901510e+00 -2.542504511815788071e+00 -1.128488320622605678e-01 1.128488327125403978e-01 2.542504496485257448e+00 3.415665870657731862e+00
6.200000000000000178e+00 -3.419094727265683087e+00 -2.523255018309323194e+00 -8.884170656901649310e-02 8.884170642241528970e-02 2.523255018583783649e+00 3.419094727560585856e+00
6.299999999999999822e+00 -3.421899617866614562e+00 -2.503327516929987784e+00 -6.465886864500997033e-02 6.465886883721265466e-02 2.503327509598352485e+00 3.421899609424204680e+00
6.400000000000000355e+00 -3.424032050289383289e+00 -2.482689758081056741e+00 -4.030455038408212176e-02 4.030454988130553751e-02 2.482689764390325404e+00 3.424032057619831093e+00
6.500000000000000000e+00 -3.425439167972931021e+00 -2.461306709710682217e+00 -1.578309860545833512e-02 1.578309863836847848e-02 2.461306709741978072e+00 3.425439168010623980e+00
6.599999999999999645e+00 -3.446519287598412085e+00 -2.467509276371983695e+00 2.907094446119732049e-09 2.907121873000689534e-09 2.467509275583998463e+00 3.446519286665084003e+00
6.700000000000000178e+00 -3.503508226863230934e+00 -2.523733149511046214e+00 3.513673510004059852e-04 3.513673512380680345e-04 2.523733149300278367e+00 3.503508226614372223e+00
6.799999999999999822e+00 -3.560192207028554989e+00 -2.579696384845274082e+00 3.748763306327076886e-04 3.748763306476402967e-04 2.579696385752387133e+00 3.560192208096344846e+00
6.900000000000000355e+00 -3.616592783092254404e+00 -2.635416924844334208e+00 -8.778490408070915462e-09 -8.778478397799849676e-09 2.635416926366352719e+00 3.616592784878433164e+00
7.000000000000000000e+00 -3.672729241038186210e+00 -2.690910834449950162e+00 -8.011836787196147531e-09 -8.011732696877024300e-09 2.690910834442276744e+00 3.672729241029217828e+00
7.099999999999999645e+00 -3.728619156435850623e+00 -2.746192796107107981e+00 4.450985939692154460e-04 4.450985940058772004e-04 2.746192801513025916e+00 3.728619162745998583e+00
7.200000000000000178e+00 -3.784278427541956091e+00 -2.801276105177799014e+00 4.686388705124253356e-04 4.686388706255672533e-04 2.801276106920470355e+00 3.784278429570760771e+00
7.299999999999999822e+00 -3.839721528210851442e+00 -2.856172889633399770e+00 4.919599249924500777e-04 4.919599250772319771e-04 2.856172890874599801e+00 3.839721529652288190e+00
7.400000000000000355e+00 -3.894961704541765268e+00 -2.910894266348950765e+00 5.154167974372999899e-04 5.154167975506089832e-04 2.910894256286742365e+00 3.894961692885186899e+00
7.500000000000000000e+00 -3.950010916511946579e+00 -2.965450280768040514e+00 5.390608608566438420e-04 5.390608608620668044e-04 2.965450282685166972e+00 3.950010918727678622e+00
7.599999999999999645e+00 -4.004880322808585191e+00 -3.019850332376250002e+00 5.618580444669074104e-04 5.618580444869135425e-04 3.019850335550219089e+00 4.004880326468550855e+00
7.700000000000000178e+00 -4.059580093410168011e+00 -3.074102995647711722e+00 5.856301304001646944e-04 5.856301305036743432e-04 3.074102978143564258e+00 4.059580073269282607e+00
7.799999999999999822e+00 -4.114119571062297531e+00 -3.128216159971248800e+00 6.092157354019234672e-04 6.092157354111726875e-04 3.128216160192920370e+00 4.114119571316971147e+00
7.900000000000000355e+00 -4.168507358423482856e+00 -3.182197095404979414e+00 6.321022154258943001e-04 6.321022155027783288e-04 3.182197094159154638e+00 4.168507356995585056e+00
8.000000000000000000e+00 -4.222751734636771559e+00 -3.236052835776932479e+00 6.552335149022155570e-04 6.552335149494427531e-04 3.236052835482750911e+00 4.222751734300757676e+00
8.099999999999999645e+00 -4.276859844822503476e+00 -3.289789424057405043e+00 6.784442434695985924e-04 6.784442434829506506e-04 3.289789422987178469e+00 4.276859843600912647e+00
8.199999999999999289e+00 -4.330838557248677390e+00 -3.343412692161524813e+00 4.920941538140961620e-09 4.920954323619697550e-09 3.343412690073190863e+00 4.330838554869360202e+00
8.300000000000000711e+00 -4.384694619639618374e+00 -3.396928411305534468e+00 7.248794414696989015e-04 7.248794415387753735e-04 3.396928408238983899e+00 4.384694616152080116e+00
8.400000000000000355e+00 -4.438433624499494634e+00 -3.450341315848906021e+00 1.842152692171070267e-08 1.842154994813219880e-08 3.450341314233889456e+00 4.438433622665939104e+00
8.500000000000000000e+00 -4.492061423124563468e+00 -3.503656422657629665e+00 7.718497019288952325e-04 7.718497019733821076e-04 3.503656414288478960e+00 4.492061413639315326e+00
8.599999999999999645e+00 -4.545582995292448025e+00 -3.556877969521627492e+00 7.949544408566776126e-04 7.949544408867962068e-04 3.556877967729118240e+00 4.545582993264245530e+00
8.699999999999999289e+00 -4.599003275154278647e+00 -3.610010185469602284e+00 8.184651065322795169e-04 8.184651066896952640e-04 3.610010186263341581e+00 4.599003276050929401e+00
8.800000000000000711e+00 -4.652326924861618807e+00 -3.663057073460721291e+00 8.418625952935227799e-04 8.418625953241487807e-04 3.663057072901710676e+00 4.652326924231264371e+00
8.900000000000000355e+00 -4.705558121050882114e+00 -3.716022210610479881e+00 -5.340044599766310430e-10 -5.339646559432557038e-10 3.716022219148058525e+00 4.705558130665702166e+00
9.000000000000000000e+00 -4.758700897274610320e+00 -3.768909063769968260e+00 8.885209244153754755e-04 8.885209244324671638e-04 3.768909064257213615e+00 4.758700897822575548e+00
9.099999999999999645e+00 -4.811759044354150916e+00 -3.821720896892252473e+00 9.118325955384942857e-04 9.118325956051230629e-04 3.821720896241002308e+00 4.811759043622813259e+00
9.199999999999999289e+00 -4.864736102401727713e+00 -3.874460758747324096e+00 9.350938087186401373e-04 9.350938087584232013e-04 3.874460756896498381e+00 4.864736100326341628e+00
9.300000000000000711e+00 -4.917635386923113749e+00 -3.927131507251650611e+00 9.585904312805581910e-04 9.585904312942743243e-04 3.927131507949136235e+00 4.917635387704157424e+00
9.400000000000000355e+00 -4.970460013675548794e+00 -3.979735829977560257e+00 1.617509655059902874e-08 1.617516985953147279e-08 3.979735816698833251e+00 4.970459998825839776e+00
9.500000000000000000e+00 -5.023213309676098248e+00 -4.032276632776505387e+00 1.827532280037413729e-08 1.827556035308919432e-08 4.032276634877957733e+00 5.023213312023400157e+00
9.599999999999999645e+00 -5.075897652632015422e+00 -4.084755938928627650e+00 1.028187829137825523e-03 1.028187829180039802e-03 4.084755941021880332e+00 5.075897654966940564e+00
9.699999999999999289e+00 -5.128515922824301576e+00 -4.137176262521972347e+00 2.397300614259676012e-08 2.397310241303310261e-08 4.137176248195377326e+00 5.128515906863649221e+00
9.800000000000000711e+00 -5.181070563785165284e+00 -4.189539719039395926e+00 1.074572820609300114e-03 1.074572820975980975e-03 4.189539706915750727e+00 5.181070550294792021e+00
9.900000000000000355e+00 -5.233564084701870733e+00 -4.241848498459506622e+00 1.097829539346184069e-03 1.097829539370885231e-03 4.241848497796177675e+00 5.233564083964542313e+00
1.000000000000000000e+01 -5.285998665962082121e+00 -4.294104490197875990e+00 -7.225250703324359451e-12 -7.222525605332652672e-12 4.294104490150020048e+00 5.285998665908960170e+00
