# U/t  E_var/t  branch  eqp0..eqp5   (lowest-energy solution of the two scans)
  0.1 -2.05031249 backward -0.999844 -0.000000 -0.000000 -0.000000  0.000000  0.999844
  0.2 -2.10125002 backward -2.067557 -2.066132 -0.998469  0.998469  2.066133  2.067557
  0.3 -2.15281278 backward -2.673562 -2.670667 -0.997019  0.997019  2.670667  2.673562
  0.4 -2.20500099 backward -2.879223 -2.874180 -0.994903  0.994903  2.874179  2.879223
  0.5 -2.25781499 backward -2.951396 -2.943572 -0.992140  0.992140  2.943572  2.951395
  0.6 -2.31125523 backward -2.981092 -2.969866 -0.988749  0.988749  2.969866  2.981092
  0.7 -2.36532223 backward -2.995950 -2.980710 -0.984741  0.984741  2.980707  2.995947
  0.8 -2.42001665 backward -3.005062 -2.985202 -0.980124  0.980124  2.985202  3.005061
  0.9 -2.47533923 backward -3.011804 -2.986726 -0.974908  0.974908  2.986725  3.011803
  1.0 -2.53129079 backward -3.017571 -2.986685 -0.969099  0.969099  2.986684  3.017571
  1.1 -2.58787230 backward -3.022996 -2.985718 -0.962707  0.962707  2.985718  3.022996
  1.2 -2.64508480 backward -3.028386 -2.984142 -0.955739  0.955739  2.984141  3.028384
  1.3 -2.70292943 backward -3.033894 -2.982119 -0.948205  0.948205  2.982119  3.033893
  1.4 -2.76140747 backward -3.039602 -2.979742 -0.940114  0.940114  2.979742  3.039603
  1.5 -2.82052027 backward -3.045554 -2.977061 -0.931476  0.931476  2.977061  3.045554
  1.6 -2.88026932 backward -3.051768 -2.974107 -0.922301  0.922301  2.974107  3.051768
  1.7 -2.94065620 backward -3.058251 -2.970897 -0.912598  0.912598  2.970898  3.058252
  1.8 -3.00168260 backward -3.065006 -2.967443 -0.902379  0.902379  2.967443  3.065006
  1.9 -3.06335036 forward  -3.072025 -2.963751 -0.891654  0.891654  2.963751  3.072024
  2.0 -3.12566140 backward -3.079300 -2.959823 -0.880434  0.880434  2.959824  3.079300
  2.1 -3.18861779 forward  -3.086824 -2.955662 -0.868730  0.868730  2.955661  3.086823
  2.2 -3.25222169 backward -3.094582 -2.951266 -0.856553  0.856553  2.951266  3.094581
  2.3 -3.31647541 forward  -3.102563 -2.946635 -0.843914  0.843914  2.946634  3.102562
  2.4 -3.38138139 backward -3.110753 -2.941765 -0.830824  0.830824  2.941765  3.110753
  2.5 -3.44694219 backward -3.119140 -2.936657 -0.817294  0.817294  2.936657  3.119140
  2.6 -3.51316053 backward -3.127708 -2.931305 -0.803334  0.803334  2.931305  3.127708
  2.7 -3.58003924 backward -3.136443 -2.925708 -0.788956  0.788956  2.925708  3.136443
  2.8 -3.64758131 forward  -3.145331 -2.919861 -0.774170  0.774170  2.919861  3.145331
  2.9 -3.71578988 backward -3.154356 -2.913759 -0.758986  0.758986  2.913760  3.154356
  3.0 -3.78466824 forward  -3.163504 -2.907401 -0.743414  0.743414  2.907400  3.163503
  3.1 -3.85421985 backward -3.172758 -2.900779 -0.727464  0.727464  2.900779  3.172758
  3.2 -3.92444832 backward -3.182104 -2.893889 -0.711147  0.711147  2.893889  3.182104
  3.3 -3.99535743 forward  -3.191526 -2.886728 -0.694471  0.694471  2.886727  3.191526
  3.4 -4.06695116 backward -3.201009 -2.879287 -0.677446  0.677446  2.879287  3.201009
  3.5 -4.13923364 backward -3.210537 -2.871563 -0.660080  0.660080  2.871563  3.210537
  3.6 -4.21220922 backward -3.220093 -2.863549 -0.642383  0.642383  2.863549  3.220093
  3.7 -4.28588244 forward  -3.229663 -2.855239 -0.624363  0.624363  2.855239  3.229663
  3.8 -4.36025804 forward  -3.239230 -2.846625 -0.606029  0.606029  2.846625  3.239230
  3.9 -4.43534098 backward -3.248777 -2.837701 -0.587387  0.587387  2.837701  3.248777
  4.0 -4.51113645 forward  -3.258289 -2.828460 -0.568446  0.568446  2.828460  3.258289
  4.1 -4.58764987 backward -3.267747 -2.818893 -0.549214  0.549214  2.818893  3.267747
  4.2 -4.66488693 forward  -3.277136 -2.808993 -0.529697  0.529697  2.808993  3.277136
  4.3 -4.74285354 backward -3.286438 -2.798750 -0.509903  0.509903  2.798750  3.286438
  4.4 -4.82155591 backward -3.295635 -2.788157 -0.489838  0.489838  2.788157  3.295635
  4.5 -4.90100054 forward  -3.304709 -2.777202 -0.469509  0.469509  2.777202  3.304709
  4.6 -4.98119423 backward -3.313641 -2.765876 -0.448922  0.448922  2.765876  3.313641
  4.7 -5.06214409 backward -3.322413 -2.754169 -0.428083  0.428083  2.754169  3.322413
  4.8 -5.14385757 forward  -3.331004 -2.742069 -0.406998  0.406998  2.742069  3.331004
  4.9 -5.22634249 forward  -3.339395 -2.729564 -0.385673  0.385673  2.729564  3.339395
  5.0 -5.30960703 backward -3.347563 -2.716642 -0.364112  0.364112  2.716642  3.347563
  5.1 -5.39365980 forward  -3.355488 -2.703290 -0.342323  0.342323  2.703290  3.355488
  5.2 -5.47850980 forward  -3.363146 -2.689493 -0.320308  0.320308  2.689493  3.363146
  5.3 -5.56416652 backward -3.370514 -2.675236 -0.298074  0.298074  2.675236  3.370514
  5.4 -5.65063993 backward -3.377565 -2.660505 -0.275625  0.275625  2.660505  3.377565
  5.5 -5.73794051 forward  -3.384275 -2.645281 -0.252966  0.252966  2.645281  3.384275
  5.6 -5.82607930 backward -3.390615 -2.629547 -0.230102  0.230102  2.629547  3.390615
  5.7 -5.91506795 backward -3.396556 -2.613284 -0.207036  0.207036  2.613284  3.396556
  5.8 -6.00491875 backward -3.402066 -2.596471 -0.183774  0.183774  2.596471  3.402066
  5.9 -6.09564469 backward -3.407112 -2.579086 -0.160319  0.160319  2.579086  3.407112
  6.0 -6.18725952 backward -3.411658 -2.561106 -0.136676  0.136676  2.561106  3.411658
  6.1 -6.27977779 backward -3.415666 -2.542505 -0.112849  0.112849  2.542504  3.415666
  6.2 -6.37321496 forward  -3.419095 -2.523255 -0.088842  0.088842  2.523255  3.419095
  6.3 -6.46758744 forward  -3.421900 -2.503328 -0.064659  0.064659  2.503328  3.421900
  6.4 -6.56291272 backward -3.424032 -2.482690 -0.040305  0.040305  2.482690  3.424032
  6.5 -6.65920945 forward  -3.425439 -2.461307 -0.015783  0.015783  2.461307  3.425439
  6.6 -6.75643799 backward -3.446519 -2.467509  0.000000  0.000000  2.467509  3.446519
  6.7 -6.85393960 forward  -3.503508 -2.523733  0.000351  0.000351  2.523733  3.503508
  6.8 -6.95152311 forward  -3.560192 -2.579696  0.000375  0.000375  2.579696  3.560192
  6.9 -7.04918435 backward -3.616593 -2.635417 -0.000000 -0.000000  2.635417  3.616593
  7.0 -7.14691947 backward -3.672729 -2.690911 -0.000000 -0.000000  2.690911  3.672729
  7.1 -7.24472487 forward  -3.728619 -2.746193  0.000445  0.000445  2.746193  3.728619
  7.2 -7.34259717 forward  -3.784278 -2.801276  0.000469  0.000469  2.801276  3.784278
  7.3 -7.44053326 forward  -3.839722 -2.856173  0.000492  0.000492  2.856173  3.839722
  7.4 -7.53853019 forward  -3.894962 -2.910894  0.000515  0.000515  2.910894  3.894962
  7.5 -7.63658521 forward  -3.950011 -2.965450  0.000539  0.000539  2.965450  3.950011
  7.6 -7.73469575 forward  -4.004880 -3.019850  0.000562  0.000562  3.019850  4.004880
  7.7 -7.83285937 forward  -4.059580 -3.074103  0.000586  0.000586  3.074103  4.059580
  7.8 -7.93107380 forward  -4.114120 -3.128216  0.000609  0.000609  3.128216  4.114120
  7.9 -8.02933689 forward  -4.168507 -3.182197  0.000632  0.000632  3.182197  4.168507
  8.0 -8.12764663 forward  -4.222752 -3.236053  0.000655  0.000655  3.236053  4.222752
  8.1 -8.22600110 forward  -4.276860 -3.289789  0.000678  0.000678  3.289789  4.276860
  8.2 -8.32439849 backward -4.330839 -3.343413  0.000000  0.000000  3.343413  4.330839
  8.3 -8.42283712 forward  -4.384695 -3.396928  0.000725  0.000725  3.396928  4.384695
  8.4 -8.52131536 backward -4.438434 -3.450341  0.000000  0.000000  3.450341  4.438434
  8.5 -8.61983168 forward  -4.492061 -3.503656  0.000772  0.000772  3.503656  4.492061
  8.6 -8.71838464 forward  -4.545583 -3.556878  0.000795  0.000795  3.556878  4.545583
  8.7 -8.81697288 forward  -4.599003 -3.610010  0.000818  0.000818  3.610010  4.599003
  8.8 -8.91559507 forward  -4.652327 -3.663057  0.000842  0.000842  3.663057  4.652327
  8.9 -9.01425000 backward -4.705558 -3.716022 -0.000000 -0.000000  3.716022  4.705558
  9.0 -9.11293647 forward  -4.758701 -3.768909  0.000889  0.000889  3.768909  4.758701
  9.1 -9.21165336 forward  -4.811759 -3.821721  0.000912  0.000912  3.821721  4.811759
  9.2 -9.31039963 forward  -4.864736 -3.874461  0.000935  0.000935  3.874461  4.864736
  9.3 -9.40917423 forward  -4.917635 -3.927132  0.000959  0.000959  3.927132  4.917635
  9.4 -9.50797621 backward -4.970460 -3.979736  0.000000  0.000000  3.979736  4.970460
  9.5 -9.60680465 backward -5.023213 -4.032277  0.000000  0.000000  4.032277  5.023213
  9.6 -9.70565865 forward  -5.075898 -4.084756  0.001028  0.001028  4.084756  5.075898
  9.7 -9.80453738 backward -5.128516 -4.137176  0.000000  0.000000  4.137176  5.128516
  9.8 -9.90344003 forward  -5.181071 -4.189540  0.001075  0.001075  4.189540  5.181071
  9.9 -10.00236584 forward  -5.233564 -4.241848  0.001098  0.001098  4.241848  5.233564
 10.0 -10.10131406 backward -5.285999 -4.294104 -0.000000 -0.000000  4.294104  5.285999
