# U/t eqp0..eqp9 (Ng=4)
1.000000000000000056e-01 -9.998437459483874301e-01 -1.777144659205091636e-10 -1.418744101831993058e-10 -1.092135411631784483e-10 -9.657165932312219955e-11 -8.590298378613013814e-11 -6.939813233330049350e-11 -5.908391365304920110e-11 -2.479783697400330265e-11 9.998437459483886514e-01
2.000000000000000111e-01 -9.993749955377124738e-01 -2.781212207232839583e-07 -2.744921542927173381e-08 2.385627119389084677e-09 1.824593388406329728e-08 2.956878878433302098e-08 3.573797540475237188e-08 1.369466091019726022e-07 1.954605670539170584e-07 9.993749955416312281e-01
2.999999999999999889e-01 -2.673563601525003719e+00 -2.670668809418188516e+00 -9.970187036021563864e-01 -7.323023727843130937e-02 -7.323023430765428221e-02 -7.323022732430115034e-02 -7.323022573902000787e-02 9.970187035584875401e-01 2.670668711009560603e+00 2.673563501844741452e+00
4.000000000000000222e-01 -2.879231082425981914e+00 -2.874187923158407099e+00 -9.949026602099303451e-01 7.206514819938837635e-02 7.206515635388155427e-02 7.206525904550982464e-02 7.206526175191833861e-02 9.949026604939825713e-01 2.874188219456904392e+00 2.879231376334942194e+00
5.000000000000000000e-01 -2.951392358392764592e+00 -2.943568870899231804e+00 -9.921403613468586791e-01 2.595353512913477906e-02 2.595353671343118146e-02 2.595354472770285831e-02 2.595356845597468487e-02 9.921403610015162577e-01 2.943568618384943658e+00 2.951392104685635509e+00
5.999999999999999778e-01 -2.981101638161179679e+00 -2.969876592850801966e+00 -9.887490715217702730e-01 2.391563574880809784e-01 2.391563803062691507e-01 2.391564220469193647e-01 2.391564268787351177e-01 9.887490707457250450e-01 2.969876171379550289e+00 2.981101216975388546e+00
6.999999999999999556e-01 -2.995950143212623207e+00 -2.980710589504404151e+00 -9.847405847608342588e-01 1.289595558617476038e-02 1.289595571296677130e-02 1.289595629183403619e-02 1.289595631946674655e-02 9.847405847958776715e-01 2.980710603197659569e+00 2.995950156754384253e+00
8.000000000000000444e-01 -3.005061673255569943e+00 -2.985202150457001213e+00 -9.801240764751719681e-01 1.284946746516834638e-02 1.284946991559499270e-02 1.284947035555544619e-02 1.284947121615502216e-02 9.801240763520375765e-01 2.985202105432929631e+00 3.005061635190617420e+00
9.000000000000000222e-01 -3.011806373309160900e+00 -2.986728702187526618e+00 -9.749076381292285376e-01 -6.092577400052606035e-02 -6.092577323947655915e-02 -6.092577166246285203e-02 -6.092577102034811565e-02 9.749076370766043276e-01 2.986728439662528878e+00 3.011806111396035934e+00
1.000000000000000000e+00 -3.017568328918955878e+00 -2.986681825223548081e+00 -9.690991622847288101e-01 5.274877578624710510e-03 5.274878548633259688e-03 5.274878699382944992e-03 5.274879182860539757e-03 9.690991621228549624e-01 2.986681791971617539e+00 3.017568295725282290e+00
1.100000000000000089e+00 -3.022997868763307228e+00 -2.985719975335953791e+00 -9.627069346467027611e-01 2.215121279193646986e-01 2.215121279712268521e-01 2.215121284736826512e-01 2.215121287103339331e-01 9.627069341739559194e-01 2.985719894669676133e+00 3.022997788324554236e+00
1.199999999999999956e+00 -3.028384906820353883e+00 -2.984141440997765127e+00 -9.557393669409023351e-01 -3.188237878384134194e-01 -3.188237876598438159e-01 -3.188237872406733397e-01 -3.188237869813410064e-01 9.557393678246538515e-01 2.984141569827073681e+00 3.028385035279892001e+00
1.300000000000000044e+00 -3.033894142964097984e+00 -2.982119960237546330e+00 -9.482054491480014224e-01 2.353882969347092236e-01 2.353882990253038376e-01 2.353882997897160378e-01 2.353883007994696241e-01 9.482054488003744952e-01 2.982119916253308300e+00 3.033894099159356372e+00
1.399999999999999911e+00 -3.039603074400259786e+00 -2.979742440021186933e+00 -9.401144902043445661e-01 1.840548690778571195e-01 1.840548691162071371e-01 1.840548693694647187e-01 1.840548694638735328e-01 9.401144910082502859e-01 2.979742529063241552e+00 3.039603163095215166e+00
1.500000000000000000e+00 -3.045553806932432384e+00 -2.977060796364788597e+00 -9.314761603697153669e-01 -2.456253600183435082e-01 -2.456253598653472536e-01 -2.456253597796752286e-01 -2.456253592492531057e-01 9.314761612188749984e-01 2.977060879826425310e+00 3.045553890048597001e+00
1.600000000000000089e+00 -3.051766703781429335e+00 -2.974105602298420692e+00 -9.223004916234104344e-01 5.671284231380979701e-02 5.671284234756718973e-02 5.671284318150723869e-02 5.671284428153382240e-02 9.223004921599002870e-01 2.974105649570249366e+00 3.051766750842466180e+00
1.699999999999999956e+00 -3.058251468670457829e+00 -2.970897100810036662e+00 -9.125978184369057944e-01 -5.974303339088860715e-02 -5.974303332348183254e-02 -5.974303026436734304e-02 -5.974302668296328084e-02 9.125978185376897311e-01 2.970897108863387537e+00 3.058251476685855064e+00
1.800000000000000044e+00 -3.065005601216697961e+00 -2.967443510880996449e+00 -9.023786211060617068e-01 -4.694928927720395939e-02 -4.694928913984906110e-02 -4.694928908736441947e-02 -4.694928896141789543e-02 9.023786222244774002e-01 2.967443591886298471e+00 3.065005681801756143e+00
1.899999999999999911e+00 -3.072023966680133444e+00 -2.963750686464051931e+00 -8.916536343010452725e-01 -1.476230755350312063e-01 -1.476230750652848533e-01 -1.476230736108130048e-01 -1.476230723076612239e-01 8.916536358123132722e-01 2.963750787001274922e+00 3.072024066676542819e+00
2.000000000000000000e+00 -3.079300377696397639e+00 -2.959823595808336982e+00 -8.804337195187965648e-01 -1.893631067226711762e-01 -1.893631067009025615e-01 -1.893631065411258418e-01 -1.893631063890400812e-01 8.804337192927879086e-01 2.959823581948819449e+00 3.079300363914702743e+00
2.100000000000000089e+00 -3.086823042835573627e+00 -2.955661696491636015e+00 -8.687298095657046693e-01 -2.108035857501469601e-01 -2.108035850754161611e-01 -2.108035836016174391e-01 -2.108035820676439909e-01 8.687298098672123770e-01 2.955661713695523218e+00 3.086823059943506919e+00
2.200000000000000178e+00 -3.094581138363967199e+00 -2.951265487023285505e+00 -8.565528834182030149e-01 1.643045802663675725e-01 1.643045811586429927e-01 1.643045818452409379e-01 1.643045832881691870e-01 8.565528842941747545e-01 2.951265533701537436e+00 3.094581184777457583e+00
2.299999999999999822e+00 -3.102562684570829177e+00 -2.946634385904854714e+00 -8.439139573531387883e-01 -6.340469356689063321e-03 -6.340433912031745618e-03 -6.340429837562920785e-03 -6.340417271010355751e-03 8.439139575264207327e-01 2.946634394566737480e+00 3.102562693184131248e+00
2.399999999999999911e+00 -3.110753224043533827e+00 -2.941765272899777184e+00 -8.308239633922219758e-01 1.857758675311654006e-01 1.857758677130916802e-01 1.857758682396579430e-01 1.857758687295261169e-01 8.308239653820409520e-01 2.941765366968403406e+00 3.110753317599774803e+00
2.500000000000000000e+00 -3.119139927185321515e+00 -2.936656689588364788e+00 -8.172938319585879574e-01 1.891209666518213761e-01 1.891209666713476178e-01 1.891209666979112303e-01 1.891209667634596026e-01 8.172938304492580741e-01 2.936656621905532560e+00 3.119139859855574404e+00
2.600000000000000089e+00 -3.127708211994904008e+00 -2.931305336382034721e+00 -8.033343632883553909e-01 2.372881190347905442e-02 2.372881190765501261e-02 2.372881190883227576e-02 2.372881191011719584e-02 8.033343628018121407e-01 2.931305315596444583e+00 3.127708191310123453e+00
2.700000000000000178e+00 -3.136443498141134434e+00 -2.925707791922736334e+00 -7.889561964406383021e-01 -8.018446273998752760e-02 -8.018446267837488206e-02 -8.018446263200409985e-02 -8.018446261128933661e-02 7.889561970812486447e-01 2.925707818069018806e+00 3.136443524172573216e+00
2.799999999999999822e+00 -3.145330612016970395e+00 -2.919859955270132090e+00 -7.741698504647296364e-01 3.722453012924707011e-02 3.722453015474468802e-02 3.722453016966222744e-02 3.722453019706912364e-02 7.741698497384855715e-01 2.919859926838066944e+00 3.145330583693911386e+00
2.899999999999999911e+00 -3.154356356063083844e+00 -2.913759681454412220e+00 -7.589857716944543586e-01 -3.379616218890980905e-02 -3.379616211156741268e-02 -3.379616202030608085e-02 -3.379616186918742854e-02 7.589857727281567046e-01 2.913759720443091172e+00 3.154356394929004548e+00
3.000000000000000000e+00 -3.163503285846096968e+00 -2.907400165231044387e+00 -7.434139439249745074e-01 6.659702187183935869e-03 6.659702200843336736e-03 6.659702204557708428e-03 6.659702210269230829e-03 7.434139423576519023e-01 2.907400108063926236e+00 3.163503228811547441e+00
3.100000000000000089e+00 -3.172757696810106331e+00 -2.900778505861424605e+00 -7.274644711331903491e-01 7.533599819391825769e-02 7.533599822119016465e-02 7.533599824880887752e-02 7.533599827819556505e-02 7.274644704218223845e-01 2.900778480647556279e+00 3.172757671633253729e+00
3.200000000000000178e+00 -3.182104139091692208e+00 -2.893889674644614995e+00 -7.111470163409207013e-01 -1.004067161820119819e-01 -1.004067161608185738e-01 -1.004067161351528958e-01 -1.004067159999160463e-01 7.111470154670385124e-01 2.893889644579349607e+00 3.182104109034082917e+00
3.299999999999999822e+00 -3.191526159083248881e+00 -2.886727474258347748e+00 -6.944710125690933822e-01 -1.691023369984055724e-02 -1.691023357238774505e-02 -1.691023330818497428e-02 -1.691023321310116886e-02 6.944710126255820848e-01 2.886727476072398879e+00 3.191526160902568243e+00
3.399999999999999911e+00 -3.201009036954812981e+00 -2.879287398356988881e+00 -6.774457962043928250e-01 -8.729638556627260237e-02 -8.729638463831794482e-02 -8.729638108188159107e-02 -8.729638099934916573e-02 6.774457961837210274e-01 2.879287397727260167e+00 3.201009036320667800e+00
3.500000000000000000e+00 -3.210536339487685797e+00 -2.871562897315660390e+00 -6.600802958311914326e-01 6.685392607956543165e-02 6.685392612651434863e-02 6.685392618563741618e-02 6.685392619096222622e-02 6.600802952103245191e-01 2.871562877214430376e+00 3.210536319308426201e+00
3.600000000000000089e+00 -3.220093348227294427e+00 -2.863549081449376477e+00 -6.423833165686955171e-01 -1.965336812955906787e-01 -1.965336811251469362e-01 -1.965336810673142254e-01 -1.965336807710505729e-01 6.423833163251790879e-01 2.863549073785916388e+00 3.220093340516663627e+00
3.700000000000000178e+00 -3.229663087498599872e+00 -2.855238530123573870e+00 -6.243633050437036314e-01 1.216627410063111231e-01 1.216627410335826692e-01 1.216627410740679510e-01 1.216627410943995624e-01 6.243633045257449554e-01 2.855238513671849443e+00 3.229663070929112312e+00
3.799999999999999822e+00 -3.239229848587660054e+00 -2.846625009428817688e+00 -6.060285387420553116e-01 4.394369001329655189e-02 4.394369007246149567e-02 4.394369007368519736e-02 4.394369015203447582e-02 6.060285378190349848e-01 2.846624980784183467e+00 3.239229819660212062e+00
3.899999999999999911e+00 -3.248777299409741914e+00 -2.837701379240093580e+00 -5.873869212640173698e-01 5.109931459752205946e-02 5.109931459838795015e-02 5.109931462428349974e-02 5.109931470648814561e-02 5.873869210011530839e-01 2.837701371334905076e+00 3.248777291400175571e+00
4.000000000000000000e+00 -3.258288469088929773e+00 -2.828459834627029768e+00 -5.684462191647614571e-01 2.530354848491939701e-01 2.530354930796481772e-01 2.530355064530142029e-01 2.530355196457589328e-01 5.684462172602531282e-01 2.828459775599681869e+00 3.258288409209841863e+00
4.099999999999999645e+00 -3.267746908717996668e+00 -2.818892866109233175e+00 -5.492138680738718470e-01 -1.399781899947467045e-01 -1.399781899481543357e-01 -1.399781899072846669e-01 -1.399781898321158791e-01 5.492138678346277780e-01 2.818892858826969494e+00 3.267746901306413321e+00
4.200000000000000178e+00 -3.277136330265233433e+00 -2.808993090022607220e+00 -5.296971545663503589e-01 1.094587555328891404e-01 1.094587555516046556e-01 1.094587555717398408e-01 1.094587555862429340e-01 5.296971539705742638e-01 2.808993071437368538e+00 3.277136311309726047e+00
4.299999999999999822e+00 -3.286438037402215961e+00 -2.798750488995720875e+00 -5.099029750244424841e-01 1.089110528099999226e-01 1.089110528356685009e-01 1.089110528713647941e-01 1.089110528715839105e-01 5.099029750316169673e-01 2.798750489284176801e+00 3.286438037695407210e+00
4.400000000000000355e+00 -3.295634949115505474e+00 -2.788156618604761494e+00 -4.898380751776909015e-01 1.983115003366558438e-01 1.983115003467826321e-01 1.983115003469517190e-01 1.983115003611630178e-01 4.898380754798976611e-01 2.788156628255245462e+00 3.295634959020180332e+00
4.500000000000000000e+00 -3.304708671410984344e+00 -2.777201636626758230e+00 -4.695089350924055993e-01 -8.034804321249439107e-02 -8.034804318851242189e-02 -8.034804315994392709e-02 -8.034804313750774918e-02 4.695089346523199647e-01 2.777201622554557048e+00 3.304708656911072850e+00
4.599999999999999645e+00 -3.313641114965590884e+00 -2.765876013162920977e+00 -4.489218760519064766e-01 -3.621036840168729426e-02 -3.621036839953967190e-02 -3.621036838234951288e-02 -3.621036836852539048e-02 4.489218763024757086e-01 2.765876021691702213e+00 3.313641123777113506e+00
4.700000000000000178e+00 -3.322413062414798723e+00 -2.754169063940693718e+00 -4.280830148159252557e-01 -5.405733711610258285e-02 -5.405733708155509298e-02 -5.405733705207281525e-02 -5.405733698393293263e-02 4.280830145797060449e-01 2.754169055863135540e+00 3.322413054031760460e+00
4.799999999999999822e+00 -3.331004156707624286e+00 -2.742068780494725022e+00 -4.069980408603383615e-01 -1.963268611786854745e-01 -1.963268611152731435e-01 -1.963268611072044589e-01 -1.963268610540783166e-01 4.069980407689178237e-01 2.742068777305855853e+00 3.331004153381966759e+00
4.900000000000000355e+00 -3.339394778280006193e+00 -2.729564158380788808e+00 -3.856727213579577151e-01 -4.991646516491781566e-02 -4.991646515742400453e-02 -4.991646506558398283e-02 -4.991646503783132155e-02 3.856727213404720356e-01 2.729564158316287070e+00 3.339394778202777303e+00
5.000000000000000000e+00 -3.347563239249350620e+00 -2.716642059218512539e+00 -3.641124725406507112e-01 6.164999101266130377e-02 6.164999101277882781e-02 6.164999101457697278e-02 6.164999101472766474e-02 3.641124723532021545e-01 2.716642050945037745e+00 3.347563230563114889e+00
5.099999999999999645e+00 -3.355487984035372850e+00 -2.703289584424292791e+00 -3.423225703765669925e-01 1.520846633387294700e-01 1.520846633501770073e-01 1.520846633595681063e-01 1.520846633677197246e-01 3.423225698193136379e-01 2.703289558703417139e+00 3.355487956883726586e+00
5.200000000000000178e+00 -3.363146189812408871e+00 -2.689492783219976868e+00 -3.203081807456791830e-01 -1.267288380268404013e-01 -1.267288380092098099e-01 -1.267288380050724528e-01 -1.267288379875677051e-01 3.203081807678895832e-01 2.689492783559950251e+00 3.363146190182831674e+00
5.299999999999999822e+00 -3.370513715400227372e+00 -2.675236433933126712e+00 -2.980741702279617877e-01 1.051789076914627225e-01 1.051789077092306346e-01 1.051789077244763143e-01 1.051789077367173558e-01 2.980741700063119781e-01 2.675236423066248204e+00 3.370513703792222149e+00
5.400000000000000355e+00 -3.377565532996780640e+00 -2.660504810373169882e+00 -2.756254159563442108e-01 1.897504579398316404e-01 1.897504579432141569e-01 1.897504579560000681e-01 1.897504579579830652e-01 2.756254159932930992e-01 2.660504814467897106e+00 3.377565537379309202e+00
5.500000000000000000e+00 -3.384275256817316446e+00 -2.645280929443048823e+00 -2.529664872703937806e-01 2.529664873197557395e-01 2.790359476718948795e-01 2.790359476881433820e-01 2.790359477133206867e-01 2.790359477249114706e-01 2.645280933354087871e+00 3.384275261040501803e+00
5.599999999999999645e+00 -3.390615251488886983e+00 -2.629547104489887488e+00 -2.301020100664255552e-01 -7.512593657568097938e-02 -7.512593657210218934e-02 -7.512593656486363236e-02 -7.512593655429940231e-02 2.301020100751781094e-01 2.629547104429811544e+00 3.390615251427536503e+00
5.700000000000000178e+00 -3.396555731822120006e+00 -2.613283820700376570e+00 -2.070364198987211801e-01 2.070364198532946565e-01 2.528023678777562844e-01 2.528023678782123640e-01 2.528023678805092489e-01 2.528023678808692387e-01 2.613283813737973471e+00 3.396555724200006399e+00
5.799999999999999822e+00 -3.402065608021004106e+00 -2.596470762739029770e+00 -1.837740556733306052e-01 -1.418726261997208804e-01 -1.418726261996282045e-01 -1.418726261813536837e-01 -1.418726261781003972e-01 1.837740556818214521e-01 2.596470761668562499e+00 3.402065606844427936e+00
5.900000000000000355e+00 -3.407111395588545477e+00 -2.579085821411364776e+00 -1.603191901468954961e-01 -1.560464308758540974e-01 -1.560464308727305405e-01 -1.560464308376119658e-01 -1.560464308368060826e-01 1.603191900635831946e-01 2.579085819091964993e+00 3.407111392987408838e+00
6.000000000000000000e+00 -3.411657748870455364e+00 -2.561105694917423570e+00 -1.366760546913215191e-01 -1.649596735174528941e-02 -1.649596733115551994e-02 -1.649596732739135735e-02 -1.649596729779134047e-02 1.366760547790812352e-01 2.561105690467742058e+00 3.411657743895967876e+00
6.099999999999999645e+00 -3.415665927934278479e+00 -2.542504551399899615e+00 -1.128488325465800551e-01 -8.555135854352777496e-04 -8.555135732677946912e-04 -8.555134801881234419e-04 -8.555134688708544884e-04 1.128488326614856679e-01 2.542504548475720050e+00 3.415665924643810136e+00
6.200000000000000178e+00 -3.419094817224967553e+00 -2.523255100720218636e+00 -8.884170588170685334e-02 7.079973113405538254e-02 7.079973114865678596e-02 7.079973125688511504e-02 7.079973125784580490e-02 8.884170638345625926e-02 2.523255087477616065e+00 3.419094802151877666e+00
6.299999999999999822e+00 -3.421899653501425220e+00 -2.503327550108474853e+00 -6.465886480407954939e-02 5.486328182853305452e-02 5.486328183756981891e-02 5.486328184637254829e-02 5.486328185027813942e-02 6.465886461989270306e-02 2.503327550086967612e+00 3.421899653458818413e+00
6.400000000000000355e+00 -3.424032074301237127e+00 -2.482689774608828781e+00 -4.030455305712803138e-02 1.634611531439205540e-02 1.634611532739327355e-02 1.634611535343203151e-02 1.634611537928607611e-02 4.030455216635675519e-02 2.482689777684573773e+00 3.424032077835445609e+00
6.500000000000000000e+00 -3.425439212513239795e+00 -2.461306742743454734e+00 -1.578309265636496442e-02 -4.176486898849179202e-03 -4.176486855684313423e-03 -4.176486800422477517e-03 -4.176486753759362305e-03 1.578309263603740881e-02 2.461306744325023832e+00 3.425439214375955554e+00
6.599999999999999645e+00 -3.446519226800258462e+00 -2.467509221155884003e+00 4.652289852441983398e-02 4.652289852449510016e-02 4.652289852452307084e-02 4.652289852465158609e-02 4.652289852635190653e-02 4.652289853193655733e-02 2.467509221871317493e+00 3.446519227647693917e+00
6.700000000000000178e+00 -3.503508295191435362e+00 -2.523733213152254518e+00 3.848806573312469476e-02 3.848806573331365471e-02 3.848806574695694954e-02 3.848806576312307354e-02 3.848806576317530953e-02 3.848806576508550376e-02 2.523733212161372474e+00 3.503508294021556058e+00
6.799999999999999822e+00 -3.560192246211256961e+00 -2.579696418523663048e+00 7.975117852857375317e-03 7.975117893119462384e-03 7.975117894553233888e-03 7.975117896000988998e-03 7.975117967516227174e-03 7.975117967593490023e-03 2.579696419951416075e+00 3.560192247891888151e+00
6.900000000000000355e+00 -3.616592878054407212e+00 -2.635417014644884759e+00 -1.664594360925678029e-01 -1.664594360878887125e-01 -1.664594360849744326e-01 -1.664594360837693687e-01 -1.664594360723436473e-01 -1.664594360723044841e-01 2.635417014930426571e+00 3.616592878389560006e+00
7.000000000000000000e+00 -3.672729222338673161e+00 -2.690910812229093452e+00 3.229005654457896973e-02 3.229005654464038588e-02 3.229005726138993448e-02 3.229005734818551909e-02 3.229005741544468955e-02 3.229005751157158766e-02 2.690910812206936509e+00 3.672729222312706376e+00
7.099999999999999645e+00 -3.728619158527508581e+00 -2.746192797496665339e+00 -1.751509633720367033e-03 -1.751509593298067411e-03 -1.751509585177863032e-03 -1.751509584737342799e-03 -1.751509528438832024e-03 -1.751509528356326624e-03 2.746192798468050533e+00 3.728619159661348714e+00
7.200000000000000178e+00 -3.784278447202584772e+00 -2.801276124139779000e+00 -3.588015051737223834e-03 -3.588015051678259282e-03 -3.588015046796171493e-03 -3.588015017211810057e-03 -3.588014999284595656e-03 -3.588014977829731729e-03 2.801276124130922973e+00 3.784278447192197969e+00
7.299999999999999822e+00 -3.839721475657116301e+00 -2.856172833260417487e+00 1.027899986905419089e-01 1.027899987570597001e-01 1.027899987870446036e-01 1.027899988691217126e-01 1.027899988880295601e-01 1.027899988880814769e-01 2.856172832984794407e+00 3.839721475337098511e+00
7.400000000000000355e+00 -3.894961715754644338e+00 -2.910894278867326879e+00 1.892496052487270541e-02 1.892496052496758091e-02 1.892496063089111127e-02 1.892496063148577448e-02 1.892496064931216762e-02 1.892496068803123724e-02 2.910894276412307580e+00 3.894961712910517182e+00
7.500000000000000000e+00 -3.950010968008782708e+00 -2.965450324822601846e+00 3.804266832440791196e-02 3.804266832448190139e-02 3.804266841132724480e-02 3.804266842482088157e-02 3.804266843176917767e-02 3.804266845613634568e-02 2.965450325156634648e+00 3.950010968394751742e+00
7.599999999999999645e+00 -4.004880432771137144e+00 -3.019850436441593011e+00 2.932343208799669323e-02 2.932343211132150060e-02 2.932343211560432469e-02 2.932343218780690541e-02 2.932343230411705789e-02 2.932343230417617033e-02 3.019850437439138169e+00 4.004880433921544025e+00
7.700000000000000178e+00 -4.059580034181362151e+00 -3.074102942158313034e+00 -2.124940477474401151e-02 -2.124940470557548644e-02 -2.124940469094527273e-02 -2.124940466453078061e-02 -2.124940454470330975e-02 -2.124940454465051864e-02 3.074102942158479568e+00 4.059580034181708541e+00
7.799999999999999822e+00 -4.114119624435237377e+00 -3.128216210351205895e+00 -9.798201982358240025e-02 -9.798201975790063467e-02 -9.798201974561845939e-02 -9.798201974409599668e-02 -9.798201962938266063e-02 -9.798201962934240117e-02 3.128216210637480899e+00 4.114119624763996619e+00
7.900000000000000355e+00 -4.168507542137260380e+00 -3.182197257810046587e+00 1.316476522371048778e-02 1.316476523915591397e-02 1.316476525529006701e-02 1.316476527007209851e-02 1.316476544950583374e-02 1.316476544956092856e-02 3.182197257108650312e+00 4.168507541333681843e+00
8.000000000000000000e+00 -4.222751773020497090e+00 -3.236052875763500758e+00 -1.229196624058814247e-01 -1.229196624058148390e-01 -1.229196623731397958e-01 -1.229196623671189176e-01 -1.229196623660543664e-01 -1.229196623583196091e-01 3.236052874298201321e+00 4.222751771344637639e+00
8.099999999999999645e+00 -4.276860080903464478e+00 -3.289789648710156555e+00 -6.062030199077814846e-02 -6.062030199070449904e-02 -6.062030190496469489e-02 -6.062030188891182753e-02 -6.062030187961589545e-02 -6.062030177943619758e-02 3.289789649743974920e+00 4.276860082083280723e+00
8.199999999999999289e+00 -4.330838749372746044e+00 -3.343412873506043326e+00 -1.974750611284525892e-01 -1.974750611283956070e-01 -1.974750611066483641e-01 -1.974750610897870462e-01 -1.974750610874346501e-01 -1.974750610705099663e-01 3.343412874585262262e+00 4.330838750602119092e+00
8.300000000000000711e+00 -4.384694660691849322e+00 -3.396928447402905782e+00 8.655962997494102973e-02 8.655963003404640310e-02 8.655963004511602055e-02 8.655963006573573482e-02 8.655963030325856955e-02 8.655963030332478048e-02 3.396928447531704087e+00 4.384694660838482250e+00
8.400000000000000355e+00 -4.438433716862210332e+00 -3.450341393779086108e+00 9.787786685933952402e-02 9.787786685939743603e-02 9.787786697382230838e-02 9.787786697858667784e-02 9.787786701897890906e-02 9.787786704973021334e-02 3.450341392097466819e+00 4.438433714952984666e+00
8.500000000000000000e+00 -4.492061365016547292e+00 -3.503656363855120581e+00 -9.913325267302953991e-02 -9.913325264995999364e-02 -9.913325264611189125e-02 -9.913325260246147463e-02 -9.913325246379625644e-02 -9.913325246373722033e-02 3.503656364318265659e+00 4.492061365541558438e+00
8.599999999999999645e+00 -4.545583000671446605e+00 -3.556877973833989515e+00 -1.160782070961284551e-01 -1.160782070960711121e-01 -1.160782070069863725e-01 -1.160782069931594468e-01 -1.160782069353070989e-01 -1.160782069337441824e-01 3.556877973655947489e+00 4.545583000469868296e+00
8.699999999999999289e+00 -4.599003235725845684e+00 -3.610010148184028100e+00 -6.809425413715222697e-02 -6.809425413709555008e-02 -6.809425361989444869e-02 -6.809425357862462780e-02 -6.809425355983243777e-02 -6.809425350808759325e-02 3.610010148785625539e+00 4.599003236405353690e+00
8.800000000000000711e+00 -4.652326851382925454e+00 -3.663057006010217886e+00 1.187165297909299755e-01 1.187165298756477916e-01 1.187165300163409432e-01 1.187165300611004726e-01 1.187165304162374757e-01 1.187165304162883100e-01 3.663057007262745302e+00 4.652326852795853895e+00
8.900000000000000355e+00 -4.705558130916011272e+00 -3.716022219504788726e+00 6.681664403252320084e-02 6.681664403258079366e-02 6.681664474699053335e-02 6.681664477390117374e-02 6.681664477721850626e-02 6.681664487987078183e-02 3.716022220154933109e+00 4.705558131648037268e+00
9.000000000000000000e+00 -4.758700887436955185e+00 -3.768909046694334908e+00 -1.037431018224432566e-01 -1.037431017508742698e-01 -1.037431017095037794e-01 -1.037431017053395133e-01 -1.037431015739345430e-01 -1.037431015738707885e-01 3.768909046733357915e+00 4.758700887481108310e+00
9.099999999999999645e+00 -4.811759165144038342e+00 -3.821721011789867006e+00 3.831680000941422443e-02 3.831680000946384446e-02 3.831680035810875601e-02 3.831680038399075394e-02 3.831680043154284815e-02 3.831680051026487011e-02 3.821721010878786462e+00 4.811759164120618770e+00
9.199999999999999289e+00 -4.864736105345982331e+00 -3.874460761711782553e+00 -4.560115864976274636e-02 -4.560115864648752598e-02 -4.560115864435967947e-02 -4.560115859858379639e-02 -4.560115803968563253e-02 -4.560115803960217845e-02 3.874460760710600304e+00 4.864736104223498891e+00
9.300000000000000711e+00 -4.917635506998973227e+00 -3.927131624063513904e+00 9.889108458741663332e-02 9.889108458749323871e-02 9.889108533024826286e-02 9.889108545544743334e-02 9.889108559947143440e-02 9.889108586586131677e-02 3.927131623208460987e+00 4.917635506041283300e+00
9.400000000000000355e+00 -4.970460091646990541e+00 -3.979735906021539371e+00 1.096723633144813803e-01 1.096723633185699431e-01 1.096723633314735519e-01 1.096723633748089288e-01 1.096723635278696596e-01 1.096723635279512887e-01 3.979735906582654525e+00 4.970460092274703534e+00
9.500000000000000000e+00 -5.023213264736685169e+00 -4.032276590485368573e+00 -7.741229476762787054e-02 -7.741229476755341621e-02 -7.741229424785925350e-02 -7.741229422637271873e-02 -7.741229418627321168e-02 -7.741229416352372883e-02 4.032276591882121508e+00 5.023213266296494339e+00
9.599999999999999645e+00 -5.075897569960911682e+00 -4.084755857541267687e+00 7.685157333668442281e-02 7.685157348517593356e-02 7.685157348705330682e-02 7.685157355974048254e-02 7.685157372587189673e-02 7.685157372593347247e-02 4.084755859034641112e+00 5.075897571627145943e+00
9.699999999999999289e+00 -5.128515737290544330e+00 -4.137176093913372377e+00 5.527260000962748443e-02 5.527260003392987786e-02 5.527260006217715044e-02 5.527260009542235564e-02 5.527260034690011092e-02 5.527260034707687925e-02 4.137176091885049978e+00 5.128515735031219158e+00
9.800000000000000711e+00 -5.181070717106442736e+00 -4.189539860185216291e+00 -1.424306642513039310e-02 -1.424306642504605952e-02 -1.424306612361711695e-02 -1.424306612290492796e-02 -1.424306608681603740e-02 -1.424306601897604510e-02 4.189539861390669806e+00 5.181070718447634782e+00
9.900000000000000355e+00 -5.233564034598963133e+00 -4.241848450428076234e+00 1.297616690852842480e-01 1.297616691517384790e-01 1.297616693580171121e-01 1.297616693657269449e-01 1.297616697322184487e-01 1.297616697323127899e-01 4.241848449948653510e+00 5.233564034066435333e+00
1.000000000000000000e+01 -5.285998710629442598e+00 -4.294104532339066083e+00 6.213257487376744326e-02 6.213257487384100247e-02 6.213257502966542528e-02 6.213257503638985879e-02 6.213257506558810678e-02 6.213257506942925640e-02 4.294104532660668383e+00 5.285998710986189231e+00
