# U/t E_var(Ng=4) E_var(Ng=2) E4-E2 Z0 Z1 docc max|c| |tangent grad|
1.000000000000000056e-01 -2.050312490000000043e+00 -2.050312490000000043e+00 0.000000000000000000e+00 9.998439999999999550e-01 9.998439999999999550e-01 2.468750000000000111e-01 6.879999999999999777e-15 2.669999999999999953e-07
2.000000000000000111e-01 -2.101249992004960543e+00 -2.101250020000000163e+00 2.799503961981031352e-08 9.993749953855770585e-01 9.993749956797112199e-01 2.437499976156657921e-01 1.065814103640150279e-14 5.923955598734305384e-07
2.999999999999999889e-01 -2.152812778015733564e+00 -2.152812780000000092e+00 1.984266528864964130e-09 9.999134692093872845e-01 9.999134692157841675e-01 2.406228254624101504e-01 1.554312234475219157e-14 5.095305239362147452e-07
4.000000000000000222e-01 -2.205000987885312291e+00 -2.205000989999999828e+00 2.114687536192150219e-09 9.999458108538397116e-01 9.999458111133204818e-01 2.374947930720480715e-01 1.398881011027697241e-14 6.575378113209791094e-07
5.000000000000000000e-01 -2.257814990314975123e+00 -2.257814989999999966e+00 -3.149751570674652612e-10 9.999638426582928563e-01 9.999638430344301998e-01 2.343648144877657769e-01 1.376676550535194110e-14 5.845968831121482237e-07
5.999999999999999778e-01 -2.311255225246758194e+00 -2.311255229999999994e+00 4.753241800159457853e-09 9.999741158118600204e-01 9.999741156949516485e-01 2.312323861921417034e-01 1.265654248072678456e-14 6.387237903080143480e-07
6.999999999999999556e-01 -2.365322229999999859e+00 -2.365322229999999859e+00 0.000000000000000000e+00 9.999799999999999800e-01 9.999799999999999800e-01 2.280969999999999942e-01 1.170000000000000000e-14 6.889999999999999889e-07
8.000000000000000444e-01 -2.420016649999999991e+00 -2.420016649999999991e+00 0.000000000000000000e+00 9.999839999999999840e-01 9.999839999999999840e-01 2.249579999999999913e-01 1.009999999999999925e-14 1.599999999999999928e-06
9.000000000000000222e-01 -2.475339229999999890e+00 -2.475339229999999890e+00 0.000000000000000000e+00 9.999850000000000128e-01 9.999850000000000128e-01 2.218150000000000122e-01 1.129999999999999981e-14 7.609999999999999984e-07
1.000000000000000000e+00 -2.531290789999999902e+00 -2.531290789999999902e+00 0.000000000000000000e+00 9.999860000000000415e-01 9.999860000000000415e-01 2.186680000000000013e-01 1.290000000000000057e-14 8.530000000000000281e-07
1.100000000000000089e+00 -2.587872299999999903e+00 -2.587872299999999903e+00 0.000000000000000000e+00 9.999850000000000128e-01 9.999850000000000128e-01 2.155160000000000131e-01 1.429999999999999965e-14 7.139999999999999613e-07
1.199999999999999956e+00 -2.645084799999999792e+00 -2.645084799999999792e+00 0.000000000000000000e+00 9.999829999999999552e-01 9.999829999999999552e-01 2.123579999999999912e-01 1.270000000000000047e-14 6.209999999999999624e-07
1.300000000000000044e+00 -2.702929430000000188e+00 -2.702929430000000188e+00 0.000000000000000000e+00 9.999799999999999800e-01 9.999799999999999800e-01 2.091939999999999911e-01 1.149999999999999991e-14 6.020000000000000172e-07
1.399999999999999911e+00 -2.761407469999999975e+00 -2.761407469999999975e+00 0.000000000000000000e+00 9.999749999999999472e-01 9.999749999999999472e-01 2.060240000000000127e-01 1.340000000000000002e-14 6.689999999999999687e-07
1.500000000000000000e+00 -2.820520269999999829e+00 -2.820520269999999829e+00 0.000000000000000000e+00 9.999689999999999968e-01 9.999689999999999968e-01 2.028469999999999995e-01 1.210000000000000019e-14 6.460000000000000406e-07
1.600000000000000089e+00 -2.880269320000000022e+00 -2.880269320000000022e+00 0.000000000000000000e+00 9.999620000000000175e-01 9.999620000000000175e-01 1.996620000000000061e-01 1.049999999999999944e-14 6.290000000000000340e-07
1.699999999999999956e+00 -2.940656199999999831e+00 -2.940656199999999831e+00 0.000000000000000000e+00 9.999519999999999520e-01 9.999519999999999520e-01 1.964680000000000037e-01 1.389999999999999946e-14 5.190000000000000284e-07
1.800000000000000044e+00 -3.001682600000000090e+00 -3.001682600000000090e+00 0.000000000000000000e+00 9.999409999999999688e-01 9.999409999999999688e-01 1.932659999999999934e-01 1.400000000000000030e-14 7.730000000000000529e-07
1.899999999999999911e+00 -3.063350359999999828e+00 -3.063350359999999828e+00 0.000000000000000000e+00 9.999270000000000103e-01 9.999270000000000103e-01 1.900550000000000017e-01 1.149999999999999991e-14 6.300000000000000033e-07
2.000000000000000000e+00 -3.125661399999999812e+00 -3.125661399999999812e+00 0.000000000000000000e+00 9.999109999999999943e-01 9.999109999999999943e-01 1.868329999999999991e-01 1.149999999999999991e-14 7.129999999999999921e-07
2.100000000000000089e+00 -3.188617789999999896e+00 -3.188617789999999896e+00 0.000000000000000000e+00 9.998909999999999743e-01 9.998909999999999743e-01 1.836009999999999864e-01 1.270000000000000047e-14 5.889999999999999935e-07
2.200000000000000178e+00 -3.252221689999999832e+00 -3.252221689999999832e+00 0.000000000000000000e+00 9.998690000000000078e-01 9.998690000000000078e-01 1.803579999999999905e-01 9.329999999999999751e-15 7.470000000000000054e-07
2.299999999999999822e+00 -3.316475409999999791e+00 -3.316475409999999791e+00 0.000000000000000000e+00 9.998420000000000085e-01 9.998420000000000085e-01 1.771030000000000104e-01 1.529999999999999855e-14 5.670000000000000347e-07
2.399999999999999911e+00 -3.381381390000000042e+00 -3.381381390000000042e+00 0.000000000000000000e+00 9.998120000000000340e-01 9.998120000000000340e-01 1.738349999999999895e-01 1.499999999999999919e-14 6.999999999999999683e-07
2.500000000000000000e+00 -3.446942190000000128e+00 -3.446942190000000128e+00 0.000000000000000000e+00 9.997770000000000268e-01 9.997770000000000268e-01 1.705540000000000112e-01 1.330000000000000076e-14 7.609999999999999984e-07
2.600000000000000089e+00 -3.513160529999999948e+00 -3.513160529999999948e+00 0.000000000000000000e+00 9.997369999999999868e-01 9.997369999999999868e-01 1.672599999999999920e-01 1.579999999999999957e-14 5.999999999999999728e-07
2.700000000000000178e+00 -3.580039240000000067e+00 -3.580039240000000067e+00 0.000000000000000000e+00 9.996920000000000250e-01 9.996920000000000250e-01 1.639510000000000134e-01 1.190000000000000010e-14 6.050000000000000309e-07
2.799999999999999822e+00 -3.647581310000000077e+00 -3.647581310000000077e+00 0.000000000000000000e+00 9.996410000000000018e-01 9.996410000000000018e-01 1.606259999999999910e-01 1.420000000000000039e-14 6.080000000000000445e-07
2.899999999999999911e+00 -3.715789879999999989e+00 -3.715789879999999989e+00 0.000000000000000000e+00 9.995819999999999705e-01 9.995819999999999705e-01 1.572850000000000081e-01 1.550000000000000022e-14 6.109999999999999522e-07
3.000000000000000000e+00 -3.784668239999999795e+00 -3.784668239999999795e+00 0.000000000000000000e+00 9.995169999999999888e-01 9.995169999999999888e-01 1.539280000000000093e-01 1.380000000000000020e-14 5.659999999999999596e-07
3.100000000000000089e+00 -3.854219849999999781e+00 -3.854219849999999781e+00 0.000000000000000000e+00 9.994439999999999991e-01 9.994439999999999991e-01 1.505529999999999924e-01 1.490000000000000151e-14 7.540000000000000019e-07
3.200000000000000178e+00 -3.924448320000000212e+00 -3.924448320000000212e+00 0.000000000000000000e+00 9.993610000000000548e-01 9.993610000000000548e-01 1.471590000000000120e-01 1.179999999999999926e-14 7.120000000000000228e-07
3.299999999999999822e+00 -3.995357429999999876e+00 -3.995357429999999876e+00 0.000000000000000000e+00 9.992699999999999916e-01 9.992699999999999916e-01 1.437460000000000127e-01 1.190000000000000010e-14 5.449999999999999700e-07
3.399999999999999911e+00 -4.066951160000000343e+00 -4.066951160000000343e+00 0.000000000000000000e+00 9.991670000000000273e-01 9.991670000000000273e-01 1.403129999999999933e-01 1.290000000000000057e-14 6.780000000000000096e-07
3.500000000000000000e+00 -4.139233639999999603e+00 -4.139233639999999603e+00 0.000000000000000000e+00 9.990539999999999976e-01 9.990539999999999976e-01 1.368590000000000084e-01 1.380000000000000020e-14 6.409999999999999826e-07
3.600000000000000089e+00 -4.212209220000000087e+00 -4.212209220000000087e+00 0.000000000000000000e+00 9.989280000000000381e-01 9.989280000000000381e-01 1.333820000000000006e-01 1.179999999999999926e-14 6.519999999999999620e-07
3.700000000000000178e+00 -4.285882439999999960e+00 -4.285882439999999960e+00 0.000000000000000000e+00 9.987880000000000091e-01 9.987880000000000091e-01 1.298819999999999975e-01 1.349999999999999927e-14 6.099999999999999830e-07
3.799999999999999822e+00 -4.360258039999999724e+00 -4.360258039999999724e+00 0.000000000000000000e+00 9.986329999999999929e-01 9.986329999999999929e-01 1.263579999999999981e-01 1.389999999999999946e-14 7.640000000000000120e-07
3.899999999999999911e+00 -4.435340980000000322e+00 -4.435340980000000322e+00 0.000000000000000000e+00 9.984629999999999894e-01 9.984629999999999894e-01 1.228080000000000005e-01 1.140000000000000065e-14 6.029999999999999865e-07
4.000000000000000000e+00 -4.511136450000000409e+00 -4.511136450000000409e+00 0.000000000000000000e+00 9.982750000000000234e-01 9.982750000000000234e-01 1.192320000000000046e-01 1.199999999999999935e-14 8.549999999999999666e-07
4.099999999999999645e+00 -4.587649869999999908e+00 -4.587649869999999908e+00 0.000000000000000000e+00 9.980679999999999552e-01 9.980679999999999552e-01 1.156289999999999957e-01 1.380000000000000020e-14 5.339999999999999907e-07
4.200000000000000178e+00 -4.664886929999999765e+00 -4.664886929999999765e+00 0.000000000000000000e+00 9.978399999999999492e-01 9.978399999999999492e-01 1.119959999999999983e-01 1.389999999999999946e-14 6.740000000000000267e-07
4.299999999999999822e+00 -4.742853539999999590e+00 -4.742853539999999590e+00 0.000000000000000000e+00 9.975910000000000055e-01 9.975910000000000055e-01 1.083329999999999987e-01 1.409999999999999956e-14 6.430000000000000270e-07
4.400000000000000355e+00 -4.821555909999999834e+00 -4.821555909999999834e+00 0.000000000000000000e+00 9.973159999999999803e-01 9.973159999999999803e-01 1.046379999999999949e-01 1.569999999999999874e-14 5.419999999999999564e-07
4.500000000000000000e+00 -4.901000540000000072e+00 -4.901000540000000072e+00 0.000000000000000000e+00 9.970160000000000133e-01 9.970160000000000133e-01 1.009099999999999997e-01 1.319999999999999992e-14 6.449999999999999655e-07
4.599999999999999645e+00 -4.981194229999999834e+00 -4.981194229999999834e+00 0.000000000000000000e+00 9.966869999999999896e-01 9.966869999999999896e-01 9.714699999999999724e-02 1.270000000000000047e-14 7.230000000000000022e-07
4.700000000000000178e+00 -5.062144090000000318e+00 -5.062144090000000318e+00 0.000000000000000000e+00 9.963269999999999627e-01 9.963269999999999627e-01 9.334800000000000042e-02 1.450000000000000132e-14 6.209999999999999624e-07
4.799999999999999822e+00 -5.143857569999999768e+00 -5.143857569999999768e+00 0.000000000000000000e+00 9.959329999999999572e-01 9.959329999999999572e-01 8.951099999999999335e-02 1.349999999999999927e-14 6.400000000000000134e-07
4.900000000000000355e+00 -5.226342490000000396e+00 -5.226342490000000396e+00 0.000000000000000000e+00 9.955030000000000268e-01 9.955030000000000268e-01 8.563300000000000078e-02 1.290000000000000057e-14 6.419999999999999519e-07
5.000000000000000000e+00 -5.309607029999999561e+00 -5.309607029999999561e+00 0.000000000000000000e+00 9.950339999999999741e-01 9.950339999999999741e-01 8.171399999999999497e-02 1.270000000000000047e-14 5.680000000000000039e-07
5.099999999999999645e+00 -5.393659800000000004e+00 -5.393659800000000004e+00 0.000000000000000000e+00 9.945209999999999884e-01 9.945209999999999884e-01 7.775100000000000067e-02 1.420000000000000039e-14 5.780000000000000141e-07
5.200000000000000178e+00 -5.478509800000000318e+00 -5.478509800000000318e+00 0.000000000000000000e+00 9.939620000000000122e-01 9.939620000000000122e-01 7.374100000000000099e-02 1.670000000000000078e-14 5.829999999999999662e-07
5.299999999999999822e+00 -5.564166519999999672e+00 -5.564166519999999672e+00 0.000000000000000000e+00 9.933509999999999840e-01 9.933509999999999840e-01 6.968299999999999494e-02 1.250000000000000038e-14 7.929999999999999673e-07
5.400000000000000355e+00 -5.650639929999999644e+00 -5.650639929999999644e+00 0.000000000000000000e+00 9.926859999999999573e-01 9.926859999999999573e-01 6.557399999999999340e-02 1.420000000000000039e-14 6.449999999999999655e-07
5.500000000000000000e+00 -5.737940509999999605e+00 -5.737940509999999605e+00 0.000000000000000000e+00 9.919609999999999816e-01 9.919609999999999816e-01 6.141100000000000031e-02 1.149999999999999991e-14 6.610000000000000029e-07
5.599999999999999645e+00 -5.826079299999999961e+00 -5.826079299999999961e+00 0.000000000000000000e+00 9.911699999999999955e-01 9.911699999999999955e-01 5.719099999999999878e-02 1.270000000000000047e-14 5.799999999999999526e-07
5.700000000000000178e+00 -5.915067950000000074e+00 -5.915067950000000074e+00 0.000000000000000000e+00 9.903079999999999661e-01 9.903079999999999661e-01 5.291200000000000070e-02 1.510000000000000003e-14 5.710000000000000176e-07
5.799999999999999822e+00 -6.004918749999999861e+00 -6.004918749999999861e+00 0.000000000000000000e+00 9.893690000000000540e-01 9.893690000000000540e-01 4.856900000000000106e-02 1.080000000000000037e-14 8.730000000000000484e-07
5.900000000000000355e+00 -6.095644690000000310e+00 -6.095644690000000310e+00 0.000000000000000000e+00 9.883450000000000291e-01 9.883450000000000291e-01 4.415999999999999787e-02 1.250000000000000038e-14 8.250000000000000421e-07
6.000000000000000000e+00 -6.187259519999999569e+00 -6.187259519999999569e+00 0.000000000000000000e+00 9.872279999999999944e-01 9.872279999999999944e-01 3.967999999999999999e-02 1.290000000000000057e-14 6.540000000000000064e-07
6.099999999999999645e+00 -6.279777789999999804e+00 -6.279777789999999804e+00 0.000000000000000000e+00 9.860100000000000531e-01 9.860100000000000531e-01 3.512500000000000344e-02 1.219999999999999945e-14 8.630000000000000382e-07
6.200000000000000178e+00 -6.373214960000000318e+00 -6.373214960000000318e+00 0.000000000000000000e+00 9.846810000000000285e-01 9.846810000000000285e-01 3.048999999999999974e-02 1.270000000000000047e-14 1.109999999999999960e-06
6.299999999999999822e+00 -6.467587439999999965e+00 -6.467587439999999965e+00 0.000000000000000000e+00 9.832309999999999661e-01 9.832309999999999661e-01 2.577099999999999877e-02 1.020000000000000008e-14 6.749999999999999959e-07
6.400000000000000355e+00 -6.562912719999999922e+00 -6.562912719999999922e+00 0.000000000000000000e+00 9.816470000000000473e-01 9.816470000000000473e-01 2.096100000000000046e-02 1.219999999999999945e-14 8.110000000000000491e-07
6.500000000000000000e+00 -6.659209449999999642e+00 -6.659209449999999642e+00 0.000000000000000000e+00 9.799160000000000093e-01 9.799160000000000093e-01 1.605499999999999983e-02 1.550000000000000022e-14 6.950000000000000162e-07
6.599999999999999645e+00 -6.756437990000000227e+00 -6.756437990000000227e+00 0.000000000000000000e+00 9.790100000000000469e-01 9.790100000000000469e-01 1.270400000000000001e-02 1.020000000000000008e-14 5.630000000000000518e-07
6.700000000000000178e+00 -6.853939600000000354e+00 -6.853939600000000354e+00 0.000000000000000000e+00 9.797749999999999515e-01 9.797749999999999515e-01 1.228399999999999978e-02 1.389999999999999946e-14 8.150000000000000319e-07
6.799999999999999822e+00 -6.951523110000000116e+00 -6.951523110000000116e+00 0.000000000000000000e+00 9.804960000000000342e-01 9.804960000000000342e-01 1.188499999999999973e-02 1.510000000000000003e-14 6.279999999999999589e-07
6.900000000000000355e+00 -7.049184349999999988e+00 -7.049184349999999988e+00 0.000000000000000000e+00 9.811760000000000481e-01 9.811760000000000481e-01 1.150600000000000060e-02 1.149999999999999991e-14 5.880000000000000242e-07
7.000000000000000000e+00 -7.146919470000000274e+00 -7.146919470000000274e+00 0.000000000000000000e+00 9.818179999999999685e-01 9.818179999999999685e-01 1.114599999999999966e-02 1.510000000000000003e-14 6.309999999999999725e-07
7.099999999999999645e+00 -7.244724869999999761e+00 -7.244724869999999761e+00 0.000000000000000000e+00 9.824260000000000215e-01 9.824260000000000215e-01 1.080300000000000010e-02 1.340000000000000002e-14 7.640000000000000120e-07
7.200000000000000178e+00 -7.342597170000000339e+00 -7.342597170000000339e+00 0.000000000000000000e+00 9.830020000000000424e-01 9.830020000000000424e-01 1.047599999999999920e-02 1.529999999999999855e-14 4.810000000000000322e-07
7.299999999999999822e+00 -7.440533259999999594e+00 -7.440533259999999594e+00 0.000000000000000000e+00 9.835490000000000066e-01 9.835490000000000066e-01 1.016500000000000042e-02 1.649999999999999911e-14 6.610000000000000029e-07
7.400000000000000355e+00 -7.538530190000000353e+00 -7.538530190000000353e+00 0.000000000000000000e+00 9.840670000000000250e-01 9.840670000000000250e-01 9.868000000000000035e-03 1.619999999999999976e-14 6.659999999999999550e-07
7.500000000000000000e+00 -7.636585209999999790e+00 -7.636585209999999790e+00 0.000000000000000000e+00 9.845610000000000195e-01 9.845610000000000195e-01 9.584000000000000505e-03 1.420000000000000039e-14 7.379999999999999645e-07
7.599999999999999645e+00 -7.734695750000000203e+00 -7.734695750000000203e+00 0.000000000000000000e+00 9.850299999999999612e-01 9.850299999999999612e-01 9.313000000000000098e-03 1.780000000000000052e-14 9.159999999999999967e-07
7.700000000000000178e+00 -7.832859370000000432e+00 -7.832859370000000432e+00 0.000000000000000000e+00 9.854770000000000474e-01 9.854770000000000474e-01 9.053000000000000283e-03 1.710000000000000097e-14 9.460000000000000271e-07
7.799999999999999822e+00 -7.931073800000000062e+00 -7.931073800000000062e+00 0.000000000000000000e+00 9.859029999999999738e-01 9.859029999999999738e-01 8.803999999999999326e-03 1.219999999999999945e-14 6.780000000000000096e-07
7.900000000000000355e+00 -8.029336889999999727e+00 -8.029336889999999727e+00 0.000000000000000000e+00 9.863100000000000200e-01 9.863100000000000200e-01 8.566000000000000697e-03 1.510000000000000003e-14 7.659999999999999505e-07
8.000000000000000000e+00 -8.127646629999999206e+00 -8.127646629999999206e+00 0.000000000000000000e+00 9.866989999999999927e-01 9.866989999999999927e-01 8.337999999999999926e-03 1.640000000000000143e-14 6.770000000000000403e-07
8.099999999999999645e+00 -8.226001099999999511e+00 -8.226001099999999511e+00 0.000000000000000000e+00 9.870700000000000029e-01 9.870700000000000029e-01 8.118999999999999481e-03 1.529999999999999855e-14 1.019999999999999975e-06
8.199999999999999289e+00 -8.324398490000000095e+00 -8.324398490000000095e+00 0.000000000000000000e+00 9.874260000000000259e-01 9.874260000000000259e-01 7.908999999999999364e-03 1.199999999999999935e-14 9.829999999999999481e-07
8.300000000000000711e+00 -8.422837120000000510e+00 -8.422837120000000510e+00 0.000000000000000000e+00 9.877660000000000329e-01 9.877660000000000329e-01 7.707000000000000309e-03 1.740000000000000033e-14 7.770000000000000358e-07
8.400000000000000355e+00 -8.521315359999999117e+00 -8.521315359999999117e+00 0.000000000000000000e+00 9.880919999999999703e-01 9.880919999999999703e-01 7.511999999999999580e-03 1.550000000000000022e-14 8.090000000000000047e-07
8.500000000000000000e+00 -8.619831680000000773e+00 -8.619831680000000773e+00 0.000000000000000000e+00 9.884049999999999780e-01 9.884049999999999780e-01 7.326000000000000047e-03 1.349999999999999927e-14 8.829999999999999526e-07
8.599999999999999645e+00 -8.718384640000000019e+00 -8.718384640000000019e+00 0.000000000000000000e+00 9.887049999999999450e-01 9.887049999999999450e-01 7.145999999999999575e-03 1.689999999999999930e-14 5.349999999999999599e-07
8.699999999999999289e+00 -8.816972879999999790e+00 -8.816972879999999790e+00 0.000000000000000000e+00 9.889930000000000110e-01 9.889930000000000110e-01 6.973000000000000032e-03 1.490000000000000151e-14 7.230000000000000022e-07
8.800000000000000711e+00 -8.915595070000000177e+00 -8.915595070000000177e+00 0.000000000000000000e+00 9.892699999999999827e-01 9.892699999999999827e-01 6.806000000000000417e-03 1.389999999999999946e-14 7.819999999999999879e-07
8.900000000000000355e+00 -9.014250000000000540e+00 -9.014250000000000540e+00 0.000000000000000000e+00 9.895359999999999712e-01 9.895359999999999712e-01 6.645999999999999998e-03 1.239999999999999954e-14 8.899999999999999491e-07
9.000000000000000000e+00 -9.112936469999999289e+00 -9.112936469999999289e+00 0.000000000000000000e+00 9.897920000000000051e-01 9.897920000000000051e-01 6.491000000000000242e-03 1.029999999999999934e-14 8.840000000000000278e-07
9.099999999999999645e+00 -9.211653359999999680e+00 -9.211653359999999680e+00 0.000000000000000000e+00 9.900379999999999736e-01 9.900379999999999736e-01 6.341000000000000282e-03 1.310000000000000066e-14 1.439999999999999977e-06
9.199999999999999289e+00 -9.310399629999999149e+00 -9.310399629999999149e+00 0.000000000000000000e+00 9.902750000000000163e-01 9.902750000000000163e-01 6.197000000000000251e-03 1.649999999999999911e-14 5.719999999999999868e-07
9.300000000000000711e+00 -9.409174229999999639e+00 -9.409174229999999639e+00 0.000000000000000000e+00 9.905040000000000511e-01 9.905040000000000511e-01 6.058000000000000017e-03 1.310000000000000066e-14 5.150000000000000455e-07
9.400000000000000355e+00 -9.507976210000000705e+00 -9.507976210000000705e+00 0.000000000000000000e+00 9.907240000000000490e-01 9.907240000000000490e-01 5.923000000000000313e-03 1.199999999999999935e-14 6.610000000000000029e-07
9.500000000000000000e+00 -9.606804650000000834e+00 -9.606804650000000834e+00 0.000000000000000000e+00 9.909369999999999568e-01 9.909369999999999568e-01 5.793000000000000406e-03 1.469999999999999984e-14 7.589999999999999540e-07
9.599999999999999645e+00 -9.705658650000000165e+00 -9.705658650000000165e+00 0.000000000000000000e+00 9.911419999999999675e-01 9.911419999999999675e-01 5.667000000000000162e-03 1.389999999999999946e-14 7.540000000000000019e-07
9.699999999999999289e+00 -9.804537379999999303e+00 -9.804537379999999303e+00 0.000000000000000000e+00 9.913399999999999990e-01 9.913399999999999990e-01 5.545999999999999715e-03 1.250000000000000038e-14 1.150000000000000001e-06
9.800000000000000711e+00 -9.903440030000000505e+00 -9.903440030000000505e+00 0.000000000000000000e+00 9.915310000000000512e-01 9.915310000000000512e-01 5.427999999999999665e-03 1.380000000000000020e-14 1.120000000000000076e-06
9.900000000000000355e+00 -1.000236583999999951e+01 -1.000236583999999951e+01 0.000000000000000000e+00 9.917160000000000419e-01 9.917160000000000419e-01 5.314000000000000147e-03 1.740000000000000033e-14 5.239999999999999805e-07
1.000000000000000000e+01 -1.010131405999999998e+01 -1.010131405999999998e+01 0.000000000000000000e+00 9.918940000000000534e-01 9.918940000000000534e-01 5.204000000000000292e-03 1.219999999999999945e-14 6.039999999999999557e-07
